(kicad_pcb (version 20171130) (host pcbnew 5.1.6-c6e7f7d~87~ubuntu20.04.1)

  (general
    (thickness 1.6)
    (drawings 9)
    (tracks 17)
    (zones 0)
    (modules 12)
    (nets 4)
  )

  (page A4)
  (layers
    (0 F.Cu signal)
    (31 B.Cu signal)
    (32 B.Adhes user)
    (33 F.Adhes user)
    (34 B.Paste user)
    (35 F.Paste user)
    (36 B.SilkS user)
    (37 F.SilkS user)
    (38 B.Mask user)
    (39 F.Mask user)
    (40 Dwgs.User user)
    (41 Cmts.User user)
    (42 Eco1.User user)
    (43 Eco2.User user)
    (44 Edge.Cuts user)
    (45 Margin user)
    (46 B.CrtYd user)
    (47 F.CrtYd user)
    (48 B.Fab user)
    (49 F.Fab user)
  )

  (setup
    (last_trace_width 0.5)
    (trace_clearance 0.5)
    (zone_clearance 0.508)
    (zone_45_only yes)
    (trace_min 0.2)
    (via_size 0.8)
    (via_drill 0.4)
    (via_min_size 0.4)
    (via_min_drill 0.3)
    (uvia_size 0.3)
    (uvia_drill 0.1)
    (uvias_allowed no)
    (uvia_min_size 0.2)
    (uvia_min_drill 0.1)
    (edge_width 0.05)
    (segment_width 0.2)
    (pcb_text_width 0.3)
    (pcb_text_size 1.5 1.5)
    (mod_edge_width 0.12)
    (mod_text_size 1 1)
    (mod_text_width 0.15)
    (pad_size 1.524 1.524)
    (pad_drill 0.762)
    (pad_to_mask_clearance 0.05)
    (aux_axis_origin 0 0)
    (visible_elements FFFFFF7F)
    (pcbplotparams
      (layerselection 0x010fc_ffffffff)
      (usegerberextensions false)
      (usegerberattributes true)
      (usegerberadvancedattributes true)
      (creategerberjobfile true)
      (excludeedgelayer true)
      (linewidth 0.100000)
      (plotframeref false)
      (viasonmask false)
      (mode 1)
      (useauxorigin false)
      (hpglpennumber 1)
      (hpglpenspeed 20)
      (hpglpendiameter 15.000000)
      (psnegative false)
      (psa4output false)
      (plotreference true)
      (plotvalue true)
      (plotinvisibletext false)
      (padsonsilk false)
      (subtractmaskfromsilk false)
      (outputformat 1)
      (mirror false)
      (drillshape 1)
      (scaleselection 1)
      (outputdirectory ""))
  )

  (net 0 "")
  (net 1 "Net-(D1-Pad1)")
  (net 2 "Net-(D1-Pad2)")
  (net 3 "Net-(R1-Pad2)")

  (net_class Default "This is the default net class."
    (clearance 0.5)
    (trace_width 0.5)
    (via_dia 0.8)
    (via_drill 0.4)
    (uvia_dia 0.3)
    (uvia_drill 0.1)
    (add_net "Net-(D1-Pad1)")
    (add_net "Net-(D1-Pad2)")
    (add_net "Net-(R1-Pad2)")
  )

  (module LED_THT:LED_D5.0mm (layer F.Cu) (tedit 5995936A) (tstamp 5F72618E)
    (at 134.62 66.04 270)
    (descr "LED, diameter 5.0mm, 2 pins, http://cdn-reichelt.de/documents/datenblatt/A500/LL-504BC2E-009.pdf")
    (tags "LED diameter 5.0mm 2 pins")
    (path /5F71DB1B)
    (fp_text reference D1 (at 1.27 -3.96 90) (layer F.SilkS)
      (effects (font (size 1 1) (thickness 0.15)))
    )
    (fp_text value LED_ALT (at 1.27 3.96 90) (layer F.Fab)
      (effects (font (size 1 1) (thickness 0.15)))
    )
    (fp_line (start 4.5 -3.25) (end -1.95 -3.25) (layer F.CrtYd) (width 0.05))
    (fp_line (start 4.5 3.25) (end 4.5 -3.25) (layer F.CrtYd) (width 0.05))
    (fp_line (start -1.95 3.25) (end 4.5 3.25) (layer F.CrtYd) (width 0.05))
    (fp_line (start -1.95 -3.25) (end -1.95 3.25) (layer F.CrtYd) (width 0.05))
    (fp_line (start -1.29 -1.545) (end -1.29 1.545) (layer F.SilkS) (width 0.12))
    (fp_line (start -1.23 -1.469694) (end -1.23 1.469694) (layer F.Fab) (width 0.1))
    (fp_circle (center 1.27 0) (end 3.77 0) (layer F.SilkS) (width 0.12))
    (fp_circle (center 1.27 0) (end 3.77 0) (layer F.Fab) (width 0.1))
    (fp_arc (start 1.27 0) (end -1.23 -1.469694) (angle 299.1) (layer F.Fab) (width 0.1))
    (fp_arc (start 1.27 0) (end -1.29 -1.54483) (angle 148.9) (layer F.SilkS) (width 0.12))
    (fp_arc (start 1.27 0) (end -1.29 1.54483) (angle -148.9) (layer F.SilkS) (width 0.12))
    (fp_text user %R (at 1.25 0 90) (layer F.Fab)
      (effects (font (size 0.8 0.8) (thickness 0.2)))
    )
    (pad 1 thru_hole rect (at 0 0 270) (size 1.8 1.8) (drill 0.9) (layers *.Cu *.Mask)
      (net 1 "Net-(D1-Pad1)"))
    (pad 2 thru_hole circle (at 2.54 0 270) (size 1.8 1.8) (drill 0.9) (layers *.Cu *.Mask)
      (net 2 "Net-(D1-Pad2)"))
    (model ${KISYS3DMOD}/LED_THT.3dshapes/LED_D5.0mm.wrl
      (at (xyz 0 0 0))
      (scale (xyz 1 1 1))
      (rotate (xyz 0 0 0))
    )
  )

  (module LED_THT:LED_D5.0mm (layer F.Cu) (tedit 5995936A) (tstamp 5F726A87)
    (at 127 58.42 90)
    (descr "LED, diameter 5.0mm, 2 pins, http://cdn-reichelt.de/documents/datenblatt/A500/LL-504BC2E-009.pdf")
    (tags "LED diameter 5.0mm 2 pins")
    (path /5F71FC78)
    (fp_text reference D2 (at 1.27 -3.96 90) (layer F.SilkS)
      (effects (font (size 1 1) (thickness 0.15)))
    )
    (fp_text value LED_ALT (at 1.27 3.96 90) (layer F.Fab)
      (effects (font (size 1 1) (thickness 0.15)))
    )
    (fp_text user %R (at 1.25 0 90) (layer F.Fab)
      (effects (font (size 0.8 0.8) (thickness 0.2)))
    )
    (fp_arc (start 1.27 0) (end -1.29 1.54483) (angle -148.9) (layer F.SilkS) (width 0.12))
    (fp_arc (start 1.27 0) (end -1.29 -1.54483) (angle 148.9) (layer F.SilkS) (width 0.12))
    (fp_arc (start 1.27 0) (end -1.23 -1.469694) (angle 299.1) (layer F.Fab) (width 0.1))
    (fp_circle (center 1.27 0) (end 3.77 0) (layer F.Fab) (width 0.1))
    (fp_circle (center 1.27 0) (end 3.77 0) (layer F.SilkS) (width 0.12))
    (fp_line (start -1.23 -1.469694) (end -1.23 1.469694) (layer F.Fab) (width 0.1))
    (fp_line (start -1.29 -1.545) (end -1.29 1.545) (layer F.SilkS) (width 0.12))
    (fp_line (start -1.95 -3.25) (end -1.95 3.25) (layer F.CrtYd) (width 0.05))
    (fp_line (start -1.95 3.25) (end 4.5 3.25) (layer F.CrtYd) (width 0.05))
    (fp_line (start 4.5 3.25) (end 4.5 -3.25) (layer F.CrtYd) (width 0.05))
    (fp_line (start 4.5 -3.25) (end -1.95 -3.25) (layer F.CrtYd) (width 0.05))
    (pad 2 thru_hole circle (at 2.54 0 90) (size 1.8 1.8) (drill 0.9) (layers *.Cu *.Mask)
      (net 2 "Net-(D1-Pad2)"))
    (pad 1 thru_hole rect (at 0 0 90) (size 1.8 1.8) (drill 0.9) (layers *.Cu *.Mask)
      (net 1 "Net-(D1-Pad1)"))
    (model ${KISYS3DMOD}/LED_THT.3dshapes/LED_D5.0mm.wrl
      (at (xyz 0 0 0))
      (scale (xyz 1 1 1))
      (rotate (xyz 0 0 0))
    )
  )

  (module LED_THT:LED_D5.0mm (layer F.Cu) (tedit 5995936A) (tstamp 5F726B21)
    (at 157.48 58.42 90)
    (descr "LED, diameter 5.0mm, 2 pins, http://cdn-reichelt.de/documents/datenblatt/A500/LL-504BC2E-009.pdf")
    (tags "LED diameter 5.0mm 2 pins")
    (path /5F72014C)
    (fp_text reference D3 (at 1.27 -3.96 90) (layer F.SilkS)
      (effects (font (size 1 1) (thickness 0.15)))
    )
    (fp_text value LED_ALT (at 1.27 3.96 90) (layer F.Fab)
      (effects (font (size 1 1) (thickness 0.15)))
    )
    (fp_line (start 4.5 -3.25) (end -1.95 -3.25) (layer F.CrtYd) (width 0.05))
    (fp_line (start 4.5 3.25) (end 4.5 -3.25) (layer F.CrtYd) (width 0.05))
    (fp_line (start -1.95 3.25) (end 4.5 3.25) (layer F.CrtYd) (width 0.05))
    (fp_line (start -1.95 -3.25) (end -1.95 3.25) (layer F.CrtYd) (width 0.05))
    (fp_line (start -1.29 -1.545) (end -1.29 1.545) (layer F.SilkS) (width 0.12))
    (fp_line (start -1.23 -1.469694) (end -1.23 1.469694) (layer F.Fab) (width 0.1))
    (fp_circle (center 1.27 0) (end 3.77 0) (layer F.SilkS) (width 0.12))
    (fp_circle (center 1.27 0) (end 3.77 0) (layer F.Fab) (width 0.1))
    (fp_arc (start 1.27 0) (end -1.23 -1.469694) (angle 299.1) (layer F.Fab) (width 0.1))
    (fp_arc (start 1.27 0) (end -1.29 -1.54483) (angle 148.9) (layer F.SilkS) (width 0.12))
    (fp_arc (start 1.27 0) (end -1.29 1.54483) (angle -148.9) (layer F.SilkS) (width 0.12))
    (fp_text user %R (at 1.25 0 90) (layer F.Fab)
      (effects (font (size 0.8 0.8) (thickness 0.2)))
    )
    (pad 1 thru_hole rect (at 0 0 90) (size 1.8 1.8) (drill 0.9) (layers *.Cu *.Mask)
      (net 1 "Net-(D1-Pad1)"))
    (pad 2 thru_hole circle (at 2.54 0 90) (size 1.8 1.8) (drill 0.9) (layers *.Cu *.Mask)
      (net 2 "Net-(D1-Pad2)"))
    (model ${KISYS3DMOD}/LED_THT.3dshapes/LED_D5.0mm.wrl
      (at (xyz 0 0 0))
      (scale (xyz 1 1 1))
      (rotate (xyz 0 0 0))
    )
  )

  (module LED_THT:LED_D5.0mm (layer F.Cu) (tedit 5995936A) (tstamp 5F7261C4)
    (at 142.24 66.04 270)
    (descr "LED, diameter 5.0mm, 2 pins, http://cdn-reichelt.de/documents/datenblatt/A500/LL-504BC2E-009.pdf")
    (tags "LED diameter 5.0mm 2 pins")
    (path /5F7204CB)
    (fp_text reference D4 (at 1.27 -3.96 90) (layer F.SilkS)
      (effects (font (size 1 1) (thickness 0.15)))
    )
    (fp_text value LED_ALT (at 1.27 3.96 90) (layer F.Fab)
      (effects (font (size 1 1) (thickness 0.15)))
    )
    (fp_text user %R (at 1.25 0 90) (layer F.Fab)
      (effects (font (size 0.8 0.8) (thickness 0.2)))
    )
    (fp_arc (start 1.27 0) (end -1.29 1.54483) (angle -148.9) (layer F.SilkS) (width 0.12))
    (fp_arc (start 1.27 0) (end -1.29 -1.54483) (angle 148.9) (layer F.SilkS) (width 0.12))
    (fp_arc (start 1.27 0) (end -1.23 -1.469694) (angle 299.1) (layer F.Fab) (width 0.1))
    (fp_circle (center 1.27 0) (end 3.77 0) (layer F.Fab) (width 0.1))
    (fp_circle (center 1.27 0) (end 3.77 0) (layer F.SilkS) (width 0.12))
    (fp_line (start -1.23 -1.469694) (end -1.23 1.469694) (layer F.Fab) (width 0.1))
    (fp_line (start -1.29 -1.545) (end -1.29 1.545) (layer F.SilkS) (width 0.12))
    (fp_line (start -1.95 -3.25) (end -1.95 3.25) (layer F.CrtYd) (width 0.05))
    (fp_line (start -1.95 3.25) (end 4.5 3.25) (layer F.CrtYd) (width 0.05))
    (fp_line (start 4.5 3.25) (end 4.5 -3.25) (layer F.CrtYd) (width 0.05))
    (fp_line (start 4.5 -3.25) (end -1.95 -3.25) (layer F.CrtYd) (width 0.05))
    (pad 2 thru_hole circle (at 2.54 0 270) (size 1.8 1.8) (drill 0.9) (layers *.Cu *.Mask)
      (net 2 "Net-(D1-Pad2)"))
    (pad 1 thru_hole rect (at 0 0 270) (size 1.8 1.8) (drill 0.9) (layers *.Cu *.Mask)
      (net 1 "Net-(D1-Pad1)"))
    (model ${KISYS3DMOD}/LED_THT.3dshapes/LED_D5.0mm.wrl
      (at (xyz 0 0 0))
      (scale (xyz 1 1 1))
      (rotate (xyz 0 0 0))
    )
  )

  (module LED_THT:LED_D5.0mm (layer F.Cu) (tedit 5995936A) (tstamp 5F7261D6)
    (at 149.86 66.04 270)
    (descr "LED, diameter 5.0mm, 2 pins, http://cdn-reichelt.de/documents/datenblatt/A500/LL-504BC2E-009.pdf")
    (tags "LED diameter 5.0mm 2 pins")
    (path /5F7213BE)
    (fp_text reference D5 (at 1.27 -3.96 90) (layer F.SilkS)
      (effects (font (size 1 1) (thickness 0.15)))
    )
    (fp_text value LED_ALT (at 1.27 3.96 90) (layer F.Fab)
      (effects (font (size 1 1) (thickness 0.15)))
    )
    (fp_line (start 4.5 -3.25) (end -1.95 -3.25) (layer F.CrtYd) (width 0.05))
    (fp_line (start 4.5 3.25) (end 4.5 -3.25) (layer F.CrtYd) (width 0.05))
    (fp_line (start -1.95 3.25) (end 4.5 3.25) (layer F.CrtYd) (width 0.05))
    (fp_line (start -1.95 -3.25) (end -1.95 3.25) (layer F.CrtYd) (width 0.05))
    (fp_line (start -1.29 -1.545) (end -1.29 1.545) (layer F.SilkS) (width 0.12))
    (fp_line (start -1.23 -1.469694) (end -1.23 1.469694) (layer F.Fab) (width 0.1))
    (fp_circle (center 1.27 0) (end 3.77 0) (layer F.SilkS) (width 0.12))
    (fp_circle (center 1.27 0) (end 3.77 0) (layer F.Fab) (width 0.1))
    (fp_arc (start 1.27 0) (end -1.23 -1.469694) (angle 299.1) (layer F.Fab) (width 0.1))
    (fp_arc (start 1.27 0) (end -1.29 -1.54483) (angle 148.9) (layer F.SilkS) (width 0.12))
    (fp_arc (start 1.27 0) (end -1.29 1.54483) (angle -148.9) (layer F.SilkS) (width 0.12))
    (fp_text user %R (at 1.25 0 90) (layer F.Fab)
      (effects (font (size 0.8 0.8) (thickness 0.2)))
    )
    (pad 1 thru_hole rect (at 0 0 270) (size 1.8 1.8) (drill 0.9) (layers *.Cu *.Mask)
      (net 1 "Net-(D1-Pad1)"))
    (pad 2 thru_hole circle (at 2.54 0 270) (size 1.8 1.8) (drill 0.9) (layers *.Cu *.Mask)
      (net 2 "Net-(D1-Pad2)"))
    (model ${KISYS3DMOD}/LED_THT.3dshapes/LED_D5.0mm.wrl
      (at (xyz 0 0 0))
      (scale (xyz 1 1 1))
      (rotate (xyz 0 0 0))
    )
  )

  (module LED_THT:LED_D5.0mm (layer F.Cu) (tedit 5995936A) (tstamp 5F7261E8)
    (at 127 66.04 270)
    (descr "LED, diameter 5.0mm, 2 pins, http://cdn-reichelt.de/documents/datenblatt/A500/LL-504BC2E-009.pdf")
    (tags "LED diameter 5.0mm 2 pins")
    (path /5F7245A9)
    (fp_text reference D6 (at 1.27 -3.96 90) (layer F.SilkS)
      (effects (font (size 1 1) (thickness 0.15)))
    )
    (fp_text value LED_ALT (at 1.27 3.96 90) (layer F.Fab)
      (effects (font (size 1 1) (thickness 0.15)))
    )
    (fp_text user %R (at 1.25 0 90) (layer F.Fab)
      (effects (font (size 0.8 0.8) (thickness 0.2)))
    )
    (fp_arc (start 1.27 0) (end -1.29 1.54483) (angle -148.9) (layer F.SilkS) (width 0.12))
    (fp_arc (start 1.27 0) (end -1.29 -1.54483) (angle 148.9) (layer F.SilkS) (width 0.12))
    (fp_arc (start 1.27 0) (end -1.23 -1.469694) (angle 299.1) (layer F.Fab) (width 0.1))
    (fp_circle (center 1.27 0) (end 3.77 0) (layer F.Fab) (width 0.1))
    (fp_circle (center 1.27 0) (end 3.77 0) (layer F.SilkS) (width 0.12))
    (fp_line (start -1.23 -1.469694) (end -1.23 1.469694) (layer F.Fab) (width 0.1))
    (fp_line (start -1.29 -1.545) (end -1.29 1.545) (layer F.SilkS) (width 0.12))
    (fp_line (start -1.95 -3.25) (end -1.95 3.25) (layer F.CrtYd) (width 0.05))
    (fp_line (start -1.95 3.25) (end 4.5 3.25) (layer F.CrtYd) (width 0.05))
    (fp_line (start 4.5 3.25) (end 4.5 -3.25) (layer F.CrtYd) (width 0.05))
    (fp_line (start 4.5 -3.25) (end -1.95 -3.25) (layer F.CrtYd) (width 0.05))
    (pad 2 thru_hole circle (at 2.54 0 270) (size 1.8 1.8) (drill 0.9) (layers *.Cu *.Mask)
      (net 2 "Net-(D1-Pad2)"))
    (pad 1 thru_hole rect (at 0 0 270) (size 1.8 1.8) (drill 0.9) (layers *.Cu *.Mask)
      (net 1 "Net-(D1-Pad1)"))
    (model ${KISYS3DMOD}/LED_THT.3dshapes/LED_D5.0mm.wrl
      (at (xyz 0 0 0))
      (scale (xyz 1 1 1))
      (rotate (xyz 0 0 0))
    )
  )

  (module LED_THT:LED_D5.0mm (layer F.Cu) (tedit 5995936A) (tstamp 5F726ABA)
    (at 149.86 58.42 90)
    (descr "LED, diameter 5.0mm, 2 pins, http://cdn-reichelt.de/documents/datenblatt/A500/LL-504BC2E-009.pdf")
    (tags "LED diameter 5.0mm 2 pins")
    (path /5F7245B1)
    (fp_text reference D7 (at 1.27 -3.96 90) (layer F.SilkS)
      (effects (font (size 1 1) (thickness 0.15)))
    )
    (fp_text value LED_ALT (at 1.27 3.96 90) (layer F.Fab)
      (effects (font (size 1 1) (thickness 0.15)))
    )
    (fp_line (start 4.5 -3.25) (end -1.95 -3.25) (layer F.CrtYd) (width 0.05))
    (fp_line (start 4.5 3.25) (end 4.5 -3.25) (layer F.CrtYd) (width 0.05))
    (fp_line (start -1.95 3.25) (end 4.5 3.25) (layer F.CrtYd) (width 0.05))
    (fp_line (start -1.95 -3.25) (end -1.95 3.25) (layer F.CrtYd) (width 0.05))
    (fp_line (start -1.29 -1.545) (end -1.29 1.545) (layer F.SilkS) (width 0.12))
    (fp_line (start -1.23 -1.469694) (end -1.23 1.469694) (layer F.Fab) (width 0.1))
    (fp_circle (center 1.27 0) (end 3.77 0) (layer F.SilkS) (width 0.12))
    (fp_circle (center 1.27 0) (end 3.77 0) (layer F.Fab) (width 0.1))
    (fp_arc (start 1.27 0) (end -1.23 -1.469694) (angle 299.1) (layer F.Fab) (width 0.1))
    (fp_arc (start 1.27 0) (end -1.29 -1.54483) (angle 148.9) (layer F.SilkS) (width 0.12))
    (fp_arc (start 1.27 0) (end -1.29 1.54483) (angle -148.9) (layer F.SilkS) (width 0.12))
    (fp_text user %R (at 1.25 0 90) (layer F.Fab)
      (effects (font (size 0.8 0.8) (thickness 0.2)))
    )
    (pad 1 thru_hole rect (at 0 0 90) (size 1.8 1.8) (drill 0.9) (layers *.Cu *.Mask)
      (net 1 "Net-(D1-Pad1)"))
    (pad 2 thru_hole circle (at 2.54 0 90) (size 1.8 1.8) (drill 0.9) (layers *.Cu *.Mask)
      (net 2 "Net-(D1-Pad2)"))
    (model ${KISYS3DMOD}/LED_THT.3dshapes/LED_D5.0mm.wrl
      (at (xyz 0 0 0))
      (scale (xyz 1 1 1))
      (rotate (xyz 0 0 0))
    )
  )

  (module LED_THT:LED_D5.0mm (layer F.Cu) (tedit 5995936A) (tstamp 5F726A21)
    (at 142.24 58.42 90)
    (descr "LED, diameter 5.0mm, 2 pins, http://cdn-reichelt.de/documents/datenblatt/A500/LL-504BC2E-009.pdf")
    (tags "LED diameter 5.0mm 2 pins")
    (path /5F7245B9)
    (fp_text reference D8 (at 1.27 -3.96 90) (layer F.SilkS)
      (effects (font (size 1 1) (thickness 0.15)))
    )
    (fp_text value LED_ALT (at 1.27 3.96 90) (layer F.Fab)
      (effects (font (size 1 1) (thickness 0.15)))
    )
    (fp_text user %R (at 1.25 0 90) (layer F.Fab)
      (effects (font (size 0.8 0.8) (thickness 0.2)))
    )
    (fp_arc (start 1.27 0) (end -1.29 1.54483) (angle -148.9) (layer F.SilkS) (width 0.12))
    (fp_arc (start 1.27 0) (end -1.29 -1.54483) (angle 148.9) (layer F.SilkS) (width 0.12))
    (fp_arc (start 1.27 0) (end -1.23 -1.469694) (angle 299.1) (layer F.Fab) (width 0.1))
    (fp_circle (center 1.27 0) (end 3.77 0) (layer F.Fab) (width 0.1))
    (fp_circle (center 1.27 0) (end 3.77 0) (layer F.SilkS) (width 0.12))
    (fp_line (start -1.23 -1.469694) (end -1.23 1.469694) (layer F.Fab) (width 0.1))
    (fp_line (start -1.29 -1.545) (end -1.29 1.545) (layer F.SilkS) (width 0.12))
    (fp_line (start -1.95 -3.25) (end -1.95 3.25) (layer F.CrtYd) (width 0.05))
    (fp_line (start -1.95 3.25) (end 4.5 3.25) (layer F.CrtYd) (width 0.05))
    (fp_line (start 4.5 3.25) (end 4.5 -3.25) (layer F.CrtYd) (width 0.05))
    (fp_line (start 4.5 -3.25) (end -1.95 -3.25) (layer F.CrtYd) (width 0.05))
    (pad 2 thru_hole circle (at 2.54 0 90) (size 1.8 1.8) (drill 0.9) (layers *.Cu *.Mask)
      (net 2 "Net-(D1-Pad2)"))
    (pad 1 thru_hole rect (at 0 0 90) (size 1.8 1.8) (drill 0.9) (layers *.Cu *.Mask)
      (net 1 "Net-(D1-Pad1)"))
    (model ${KISYS3DMOD}/LED_THT.3dshapes/LED_D5.0mm.wrl
      (at (xyz 0 0 0))
      (scale (xyz 1 1 1))
      (rotate (xyz 0 0 0))
    )
  )

  (module LED_THT:LED_D5.0mm (layer F.Cu) (tedit 5995936A) (tstamp 5F72621E)
    (at 157.48 66.04 270)
    (descr "LED, diameter 5.0mm, 2 pins, http://cdn-reichelt.de/documents/datenblatt/A500/LL-504BC2E-009.pdf")
    (tags "LED diameter 5.0mm 2 pins")
    (path /5F7245C1)
    (fp_text reference D9 (at 1.27 -3.96 90) (layer F.SilkS)
      (effects (font (size 1 1) (thickness 0.15)))
    )
    (fp_text value LED_ALT (at 1.27 3.96 90) (layer F.Fab)
      (effects (font (size 1 1) (thickness 0.15)))
    )
    (fp_line (start 4.5 -3.25) (end -1.95 -3.25) (layer F.CrtYd) (width 0.05))
    (fp_line (start 4.5 3.25) (end 4.5 -3.25) (layer F.CrtYd) (width 0.05))
    (fp_line (start -1.95 3.25) (end 4.5 3.25) (layer F.CrtYd) (width 0.05))
    (fp_line (start -1.95 -3.25) (end -1.95 3.25) (layer F.CrtYd) (width 0.05))
    (fp_line (start -1.29 -1.545) (end -1.29 1.545) (layer F.SilkS) (width 0.12))
    (fp_line (start -1.23 -1.469694) (end -1.23 1.469694) (layer F.Fab) (width 0.1))
    (fp_circle (center 1.27 0) (end 3.77 0) (layer F.SilkS) (width 0.12))
    (fp_circle (center 1.27 0) (end 3.77 0) (layer F.Fab) (width 0.1))
    (fp_arc (start 1.27 0) (end -1.23 -1.469694) (angle 299.1) (layer F.Fab) (width 0.1))
    (fp_arc (start 1.27 0) (end -1.29 -1.54483) (angle 148.9) (layer F.SilkS) (width 0.12))
    (fp_arc (start 1.27 0) (end -1.29 1.54483) (angle -148.9) (layer F.SilkS) (width 0.12))
    (fp_text user %R (at 1.25 0 90) (layer F.Fab)
      (effects (font (size 0.8 0.8) (thickness 0.2)))
    )
    (pad 1 thru_hole rect (at 0 0 270) (size 1.8 1.8) (drill 0.9) (layers *.Cu *.Mask)
      (net 1 "Net-(D1-Pad1)"))
    (pad 2 thru_hole circle (at 2.54 0 270) (size 1.8 1.8) (drill 0.9) (layers *.Cu *.Mask)
      (net 2 "Net-(D1-Pad2)"))
    (model ${KISYS3DMOD}/LED_THT.3dshapes/LED_D5.0mm.wrl
      (at (xyz 0 0 0))
      (scale (xyz 1 1 1))
      (rotate (xyz 0 0 0))
    )
  )

  (module LED_THT:LED_D5.0mm (layer F.Cu) (tedit 5995936A) (tstamp 5F726A54)
    (at 134.62 58.42 90)
    (descr "LED, diameter 5.0mm, 2 pins, http://cdn-reichelt.de/documents/datenblatt/A500/LL-504BC2E-009.pdf")
    (tags "LED diameter 5.0mm 2 pins")
    (path /5F7245C9)
    (fp_text reference D10 (at 1.27 -3.96 90) (layer F.SilkS)
      (effects (font (size 1 1) (thickness 0.15)))
    )
    (fp_text value LED_ALT (at 1.27 3.96 90) (layer F.Fab)
      (effects (font (size 1 1) (thickness 0.15)))
    )
    (fp_text user %R (at 1.25 0 90) (layer F.Fab)
      (effects (font (size 0.8 0.8) (thickness 0.2)))
    )
    (fp_arc (start 1.27 0) (end -1.29 1.54483) (angle -148.9) (layer F.SilkS) (width 0.12))
    (fp_arc (start 1.27 0) (end -1.29 -1.54483) (angle 148.9) (layer F.SilkS) (width 0.12))
    (fp_arc (start 1.27 0) (end -1.23 -1.469694) (angle 299.1) (layer F.Fab) (width 0.1))
    (fp_circle (center 1.27 0) (end 3.77 0) (layer F.Fab) (width 0.1))
    (fp_circle (center 1.27 0) (end 3.77 0) (layer F.SilkS) (width 0.12))
    (fp_line (start -1.23 -1.469694) (end -1.23 1.469694) (layer F.Fab) (width 0.1))
    (fp_line (start -1.29 -1.545) (end -1.29 1.545) (layer F.SilkS) (width 0.12))
    (fp_line (start -1.95 -3.25) (end -1.95 3.25) (layer F.CrtYd) (width 0.05))
    (fp_line (start -1.95 3.25) (end 4.5 3.25) (layer F.CrtYd) (width 0.05))
    (fp_line (start 4.5 3.25) (end 4.5 -3.25) (layer F.CrtYd) (width 0.05))
    (fp_line (start 4.5 -3.25) (end -1.95 -3.25) (layer F.CrtYd) (width 0.05))
    (pad 2 thru_hole circle (at 2.54 0 90) (size 1.8 1.8) (drill 0.9) (layers *.Cu *.Mask)
      (net 2 "Net-(D1-Pad2)"))
    (pad 1 thru_hole rect (at 0 0 90) (size 1.8 1.8) (drill 0.9) (layers *.Cu *.Mask)
      (net 1 "Net-(D1-Pad1)"))
    (model ${KISYS3DMOD}/LED_THT.3dshapes/LED_D5.0mm.wrl
      (at (xyz 0 0 0))
      (scale (xyz 1 1 1))
      (rotate (xyz 0 0 0))
    )
  )

  (module Resistor_THT:R_Axial_DIN0204_L3.6mm_D1.6mm_P5.08mm_Horizontal (layer F.Cu) (tedit 5AE5139B) (tstamp 5F728E93)
    (at 116.84 68.58 180)
    (descr "Resistor, Axial_DIN0204 series, Axial, Horizontal, pin pitch=5.08mm, 0.167W, length*diameter=3.6*1.6mm^2, http://cdn-reichelt.de/documents/datenblatt/B400/1_4W%23YAG.pdf")
    (tags "Resistor Axial_DIN0204 series Axial Horizontal pin pitch 5.08mm 0.167W length 3.6mm diameter 1.6mm")
    (path /5F71D51B)
    (fp_text reference R1 (at 2.54 -1.92) (layer F.SilkS)
      (effects (font (size 1 1) (thickness 0.15)))
    )
    (fp_text value 100R/1W (at 2.54 1.92) (layer F.Fab)
      (effects (font (size 1 1) (thickness 0.15)))
    )
    (fp_line (start 6.03 -1.05) (end -0.95 -1.05) (layer F.CrtYd) (width 0.05))
    (fp_line (start 6.03 1.05) (end 6.03 -1.05) (layer F.CrtYd) (width 0.05))
    (fp_line (start -0.95 1.05) (end 6.03 1.05) (layer F.CrtYd) (width 0.05))
    (fp_line (start -0.95 -1.05) (end -0.95 1.05) (layer F.CrtYd) (width 0.05))
    (fp_line (start 0.62 0.92) (end 4.46 0.92) (layer F.SilkS) (width 0.12))
    (fp_line (start 0.62 -0.92) (end 4.46 -0.92) (layer F.SilkS) (width 0.12))
    (fp_line (start 5.08 0) (end 4.34 0) (layer F.Fab) (width 0.1))
    (fp_line (start 0 0) (end 0.74 0) (layer F.Fab) (width 0.1))
    (fp_line (start 4.34 -0.8) (end 0.74 -0.8) (layer F.Fab) (width 0.1))
    (fp_line (start 4.34 0.8) (end 4.34 -0.8) (layer F.Fab) (width 0.1))
    (fp_line (start 0.74 0.8) (end 4.34 0.8) (layer F.Fab) (width 0.1))
    (fp_line (start 0.74 -0.8) (end 0.74 0.8) (layer F.Fab) (width 0.1))
    (fp_text user %R (at 2.54 0) (layer F.Fab)
      (effects (font (size 0.72 0.72) (thickness 0.108)))
    )
    (pad 1 thru_hole circle (at 0 0 180) (size 1.4 1.4) (drill 0.7) (layers *.Cu *.Mask)
      (net 2 "Net-(D1-Pad2)"))
    (pad 2 thru_hole oval (at 5.08 0 180) (size 1.4 1.4) (drill 0.7) (layers *.Cu *.Mask)
      (net 3 "Net-(R1-Pad2)"))
    (model ${KISYS3DMOD}/Resistor_THT.3dshapes/R_Axial_DIN0204_L3.6mm_D1.6mm_P5.08mm_Horizontal.wrl
      (at (xyz 0 0 0))
      (scale (xyz 1 1 1))
      (rotate (xyz 0 0 0))
    )
  )

  (module TerminalBlock_Phoenix:TerminalBlock_Phoenix_MKDS-1,5-2-5.08_1x02_P5.08mm_Horizontal (layer F.Cu) (tedit 5B294EBC) (tstamp 5F72626F)
    (at 114.3 58.42 270)
    (descr "Terminal Block Phoenix MKDS-1,5-2-5.08, 2 pins, pitch 5.08mm, size 10.2x9.8mm^2, drill diamater 1.3mm, pad diameter 2.6mm, see http://www.farnell.com/datasheets/100425.pdf, script-generated using https://github.com/pointhi/kicad-footprint-generator/scripts/TerminalBlock_Phoenix")
    (tags "THT Terminal Block Phoenix MKDS-1,5-2-5.08 pitch 5.08mm size 10.2x9.8mm^2 drill 1.3mm pad 2.6mm")
    (path /5F71D085)
    (fp_text reference V1 (at 2.54 -6.26 90) (layer F.SilkS)
      (effects (font (size 1 1) (thickness 0.15)))
    )
    (fp_text value 12V (at 2.54 5.66 90) (layer F.Fab)
      (effects (font (size 1 1) (thickness 0.15)))
    )
    (fp_line (start 8.13 -5.71) (end -3.04 -5.71) (layer F.CrtYd) (width 0.05))
    (fp_line (start 8.13 5.1) (end 8.13 -5.71) (layer F.CrtYd) (width 0.05))
    (fp_line (start -3.04 5.1) (end 8.13 5.1) (layer F.CrtYd) (width 0.05))
    (fp_line (start -3.04 -5.71) (end -3.04 5.1) (layer F.CrtYd) (width 0.05))
    (fp_line (start -2.84 4.9) (end -2.34 4.9) (layer F.SilkS) (width 0.12))
    (fp_line (start -2.84 4.16) (end -2.84 4.9) (layer F.SilkS) (width 0.12))
    (fp_line (start 3.853 1.023) (end 3.806 1.069) (layer F.SilkS) (width 0.12))
    (fp_line (start 6.15 -1.275) (end 6.115 -1.239) (layer F.SilkS) (width 0.12))
    (fp_line (start 4.046 1.239) (end 4.011 1.274) (layer F.SilkS) (width 0.12))
    (fp_line (start 6.355 -1.069) (end 6.308 -1.023) (layer F.SilkS) (width 0.12))
    (fp_line (start 6.035 -1.138) (end 3.943 0.955) (layer F.Fab) (width 0.1))
    (fp_line (start 6.218 -0.955) (end 4.126 1.138) (layer F.Fab) (width 0.1))
    (fp_line (start 0.955 -1.138) (end -1.138 0.955) (layer F.Fab) (width 0.1))
    (fp_line (start 1.138 -0.955) (end -0.955 1.138) (layer F.Fab) (width 0.1))
    (fp_line (start 7.68 -5.261) (end 7.68 4.66) (layer F.SilkS) (width 0.12))
    (fp_line (start -2.6 -5.261) (end -2.6 4.66) (layer F.SilkS) (width 0.12))
    (fp_line (start -2.6 4.66) (end 7.68 4.66) (layer F.SilkS) (width 0.12))
    (fp_line (start -2.6 -5.261) (end 7.68 -5.261) (layer F.SilkS) (width 0.12))
    (fp_line (start -2.6 -2.301) (end 7.68 -2.301) (layer F.SilkS) (width 0.12))
    (fp_line (start -2.54 -2.3) (end 7.62 -2.3) (layer F.Fab) (width 0.1))
    (fp_line (start -2.6 2.6) (end 7.68 2.6) (layer F.SilkS) (width 0.12))
    (fp_line (start -2.54 2.6) (end 7.62 2.6) (layer F.Fab) (width 0.1))
    (fp_line (start -2.6 4.1) (end 7.68 4.1) (layer F.SilkS) (width 0.12))
    (fp_line (start -2.54 4.1) (end 7.62 4.1) (layer F.Fab) (width 0.1))
    (fp_line (start -2.54 4.1) (end -2.54 -5.2) (layer F.Fab) (width 0.1))
    (fp_line (start -2.04 4.6) (end -2.54 4.1) (layer F.Fab) (width 0.1))
    (fp_line (start 7.62 4.6) (end -2.04 4.6) (layer F.Fab) (width 0.1))
    (fp_line (start 7.62 -5.2) (end 7.62 4.6) (layer F.Fab) (width 0.1))
    (fp_line (start -2.54 -5.2) (end 7.62 -5.2) (layer F.Fab) (width 0.1))
    (fp_circle (center 5.08 0) (end 6.76 0) (layer F.SilkS) (width 0.12))
    (fp_circle (center 5.08 0) (end 6.58 0) (layer F.Fab) (width 0.1))
    (fp_circle (center 0 0) (end 1.5 0) (layer F.Fab) (width 0.1))
    (fp_arc (start 0 0) (end 0 1.68) (angle -24) (layer F.SilkS) (width 0.12))
    (fp_arc (start 0 0) (end 1.535 0.684) (angle -48) (layer F.SilkS) (width 0.12))
    (fp_arc (start 0 0) (end 0.684 -1.535) (angle -48) (layer F.SilkS) (width 0.12))
    (fp_arc (start 0 0) (end -1.535 -0.684) (angle -48) (layer F.SilkS) (width 0.12))
    (fp_arc (start 0 0) (end -0.684 1.535) (angle -25) (layer F.SilkS) (width 0.12))
    (fp_text user %R (at 2.54 3.2 90) (layer F.Fab)
      (effects (font (size 1 1) (thickness 0.15)))
    )
    (pad 1 thru_hole rect (at 0 0 270) (size 2.6 2.6) (drill 1.3) (layers *.Cu *.Mask)
      (net 3 "Net-(R1-Pad2)"))
    (pad 2 thru_hole circle (at 5.08 0 270) (size 2.6 2.6) (drill 1.3) (layers *.Cu *.Mask)
      (net 1 "Net-(D1-Pad1)"))
    (model ${KISYS3DMOD}/TerminalBlock_Phoenix.3dshapes/TerminalBlock_Phoenix_MKDS-1,5-2-5.08_1x02_P5.08mm_Horizontal.wrl
      (at (xyz 0 0 0))
      (scale (xyz 1 1 1))
      (rotate (xyz 0 0 0))
    )
  )

  (gr_line (start 161.925 51.435) (end 107.315 51.435) (layer Margin) (width 0.15) (tstamp 5F728ED3))
  (gr_line (start 161.925 52.07) (end 161.925 51.435) (layer Margin) (width 0.15))
  (gr_line (start 161.925 73.025) (end 161.925 52.07) (layer Margin) (width 0.15))
  (gr_line (start 107.315 73.025) (end 161.925 73.025) (layer Margin) (width 0.15))
  (gr_line (start 107.315 51.435) (end 107.315 73.025) (layer Margin) (width 0.15))
  (gr_line (start 162.56 50.8) (end 106.68 50.8) (layer Edge.Cuts) (width 0.05) (tstamp 5F726525))
  (gr_line (start 162.56 73.66) (end 162.56 50.8) (layer Edge.Cuts) (width 0.05))
  (gr_line (start 106.68 73.66) (end 162.56 73.66) (layer Edge.Cuts) (width 0.05))
  (gr_line (start 106.68 50.8) (end 106.68 73.66) (layer Edge.Cuts) (width 0.05))

  (segment (start 116.84 68.58) (end 127 68.58) (width 0.5) (layer B.Cu) (net 2))
  (segment (start 127 68.58) (end 134.62 68.58) (width 0.5) (layer B.Cu) (net 2))
  (segment (start 134.62 68.58) (end 142.24 68.58) (width 0.5) (layer B.Cu) (net 2))
  (segment (start 142.24 68.58) (end 149.86 68.58) (width 0.5) (layer B.Cu) (net 2))
  (segment (start 149.86 68.58) (end 157.48 68.58) (width 0.5) (layer B.Cu) (net 2))
  (segment (start 158.090002 55.88) (end 157.48 55.88) (width 0.5) (layer B.Cu) (net 2))
  (segment (start 159.130001 56.919999) (end 158.090002 55.88) (width 0.5) (layer B.Cu) (net 2))
  (segment (start 159.130001 68.202791) (end 159.130001 56.919999) (width 0.5) (layer B.Cu) (net 2))
  (segment (start 158.752792 68.58) (end 159.130001 68.202791) (width 0.5) (layer B.Cu) (net 2))
  (segment (start 157.48 68.58) (end 158.752792 68.58) (width 0.5) (layer B.Cu) (net 2))
  (segment (start 157.48 55.88) (end 149.86 55.88) (width 0.5) (layer B.Cu) (net 2))
  (segment (start 149.86 55.88) (end 142.24 55.88) (width 0.5) (layer B.Cu) (net 2))
  (segment (start 142.24 55.88) (end 134.62 55.88) (width 0.5) (layer B.Cu) (net 2))
  (segment (start 134.62 55.88) (end 127 55.88) (width 0.5) (layer B.Cu) (net 2))
  (segment (start 114.3 58.42) (end 112.395 58.42) (width 0.5) (layer B.Cu) (net 3))
  (segment (start 112.395 58.42) (end 111.76 59.055) (width 0.5) (layer B.Cu) (net 3))
  (segment (start 111.76 59.055) (end 111.76 68.58) (width 0.5) (layer B.Cu) (net 3))

  (zone (net 1) (net_name "Net-(D1-Pad1)") (layer B.Cu) (tstamp 0) (hatch edge 0.508)
    (connect_pads (clearance 0.508))
    (min_thickness 0.254)
    (fill yes (arc_segments 32) (thermal_gap 0.508) (thermal_bridge_width 0.508))
    (polygon
      (pts
        (xy 161.925 73.025) (xy 107.315 73.025) (xy 107.315 51.435) (xy 161.925 51.435)
      )
    )
    (filled_polygon
      (pts
        (xy 161.798 72.898) (xy 107.442 72.898) (xy 107.442 68.448514) (xy 110.425 68.448514) (xy 110.425 68.711486)
        (xy 110.476304 68.969405) (xy 110.576939 69.212359) (xy 110.723038 69.431013) (xy 110.908987 69.616962) (xy 111.127641 69.763061)
        (xy 111.370595 69.863696) (xy 111.628514 69.915) (xy 111.891486 69.915) (xy 112.149405 69.863696) (xy 112.392359 69.763061)
        (xy 112.611013 69.616962) (xy 112.796962 69.431013) (xy 112.943061 69.212359) (xy 113.043696 68.969405) (xy 113.095 68.711486)
        (xy 113.095 68.448514) (xy 115.505 68.448514) (xy 115.505 68.711486) (xy 115.556304 68.969405) (xy 115.656939 69.212359)
        (xy 115.803038 69.431013) (xy 115.988987 69.616962) (xy 116.207641 69.763061) (xy 116.450595 69.863696) (xy 116.708514 69.915)
        (xy 116.971486 69.915) (xy 117.229405 69.863696) (xy 117.472359 69.763061) (xy 117.691013 69.616962) (xy 117.842975 69.465)
        (xy 125.74521 69.465) (xy 125.807688 69.558505) (xy 126.021495 69.772312) (xy 126.272905 69.940299) (xy 126.552257 70.056011)
        (xy 126.848816 70.115) (xy 127.151184 70.115) (xy 127.447743 70.056011) (xy 127.727095 69.940299) (xy 127.978505 69.772312)
        (xy 128.192312 69.558505) (xy 128.25479 69.465) (xy 133.36521 69.465) (xy 133.427688 69.558505) (xy 133.641495 69.772312)
        (xy 133.892905 69.940299) (xy 134.172257 70.056011) (xy 134.468816 70.115) (xy 134.771184 70.115) (xy 135.067743 70.056011)
        (xy 135.347095 69.940299) (xy 135.598505 69.772312) (xy 135.812312 69.558505) (xy 135.87479 69.465) (xy 140.98521 69.465)
        (xy 141.047688 69.558505) (xy 141.261495 69.772312) (xy 141.512905 69.940299) (xy 141.792257 70.056011) (xy 142.088816 70.115)
        (xy 142.391184 70.115) (xy 142.687743 70.056011) (xy 142.967095 69.940299) (xy 143.218505 69.772312) (xy 143.432312 69.558505)
        (xy 143.49479 69.465) (xy 148.60521 69.465) (xy 148.667688 69.558505) (xy 148.881495 69.772312) (xy 149.132905 69.940299)
        (xy 149.412257 70.056011) (xy 149.708816 70.115) (xy 150.011184 70.115) (xy 150.307743 70.056011) (xy 150.587095 69.940299)
        (xy 150.838505 69.772312) (xy 151.052312 69.558505) (xy 151.11479 69.465) (xy 156.22521 69.465) (xy 156.287688 69.558505)
        (xy 156.501495 69.772312) (xy 156.752905 69.940299) (xy 157.032257 70.056011) (xy 157.328816 70.115) (xy 157.631184 70.115)
        (xy 157.927743 70.056011) (xy 158.207095 69.940299) (xy 158.458505 69.772312) (xy 158.672312 69.558505) (xy 158.733218 69.467353)
        (xy 158.752792 69.469281) (xy 158.796261 69.465) (xy 158.796269 69.465) (xy 158.926282 69.452195) (xy 159.093105 69.401589)
        (xy 159.246851 69.319411) (xy 159.381609 69.208817) (xy 159.409326 69.175044) (xy 159.725046 68.859324) (xy 159.758818 68.831608)
        (xy 159.869412 68.69685) (xy 159.95159 68.543104) (xy 160.002196 68.376281) (xy 160.015001 68.246268) (xy 160.015001 68.246258)
        (xy 160.019282 68.202792) (xy 160.015001 68.159325) (xy 160.015001 56.963468) (xy 160.019282 56.919999) (xy 160.015001 56.87653)
        (xy 160.015001 56.876522) (xy 160.002196 56.746509) (xy 159.95159 56.579685) (xy 159.869412 56.42594) (xy 159.786533 56.324952)
        (xy 159.786531 56.32495) (xy 159.758818 56.291182) (xy 159.72505 56.263469) (xy 158.971449 55.509869) (xy 158.956011 55.432257)
        (xy 158.840299 55.152905) (xy 158.672312 54.901495) (xy 158.458505 54.687688) (xy 158.207095 54.519701) (xy 157.927743 54.403989)
        (xy 157.631184 54.345) (xy 157.328816 54.345) (xy 157.032257 54.403989) (xy 156.752905 54.519701) (xy 156.501495 54.687688)
        (xy 156.287688 54.901495) (xy 156.22521 54.995) (xy 151.11479 54.995) (xy 151.052312 54.901495) (xy 150.838505 54.687688)
        (xy 150.587095 54.519701) (xy 150.307743 54.403989) (xy 150.011184 54.345) (xy 149.708816 54.345) (xy 149.412257 54.403989)
        (xy 149.132905 54.519701) (xy 148.881495 54.687688) (xy 148.667688 54.901495) (xy 148.60521 54.995) (xy 143.49479 54.995)
        (xy 143.432312 54.901495) (xy 143.218505 54.687688) (xy 142.967095 54.519701) (xy 142.687743 54.403989) (xy 142.391184 54.345)
        (xy 142.088816 54.345) (xy 141.792257 54.403989) (xy 141.512905 54.519701) (xy 141.261495 54.687688) (xy 141.047688 54.901495)
        (xy 140.98521 54.995) (xy 135.87479 54.995) (xy 135.812312 54.901495) (xy 135.598505 54.687688) (xy 135.347095 54.519701)
        (xy 135.067743 54.403989) (xy 134.771184 54.345) (xy 134.468816 54.345) (xy 134.172257 54.403989) (xy 133.892905 54.519701)
        (xy 133.641495 54.687688) (xy 133.427688 54.901495) (xy 133.36521 54.995) (xy 128.25479 54.995) (xy 128.192312 54.901495)
        (xy 127.978505 54.687688) (xy 127.727095 54.519701) (xy 127.447743 54.403989) (xy 127.151184 54.345) (xy 126.848816 54.345)
        (xy 126.552257 54.403989) (xy 126.272905 54.519701) (xy 126.021495 54.687688) (xy 125.807688 54.901495) (xy 125.639701 55.152905)
        (xy 125.523989 55.432257) (xy 125.465 55.728816) (xy 125.465 56.031184) (xy 125.523989 56.327743) (xy 125.639701 56.607095)
        (xy 125.807688 56.858505) (xy 125.874127 56.924944) (xy 125.85582 56.930498) (xy 125.745506 56.989463) (xy 125.648815 57.068815)
        (xy 125.569463 57.165506) (xy 125.510498 57.27582) (xy 125.474188 57.395518) (xy 125.461928 57.52) (xy 125.465 58.13425)
        (xy 125.62375 58.293) (xy 126.873 58.293) (xy 126.873 58.273) (xy 127.127 58.273) (xy 127.127 58.293)
        (xy 128.37625 58.293) (xy 128.535 58.13425) (xy 128.538072 57.52) (xy 128.525812 57.395518) (xy 128.489502 57.27582)
        (xy 128.430537 57.165506) (xy 128.351185 57.068815) (xy 128.254494 56.989463) (xy 128.14418 56.930498) (xy 128.125873 56.924944)
        (xy 128.192312 56.858505) (xy 128.25479 56.765) (xy 133.36521 56.765) (xy 133.427688 56.858505) (xy 133.494127 56.924944)
        (xy 133.47582 56.930498) (xy 133.365506 56.989463) (xy 133.268815 57.068815) (xy 133.189463 57.165506) (xy 133.130498 57.27582)
        (xy 133.094188 57.395518) (xy 133.081928 57.52) (xy 133.085 58.13425) (xy 133.24375 58.293) (xy 134.493 58.293)
        (xy 134.493 58.273) (xy 134.747 58.273) (xy 134.747 58.293) (xy 135.99625 58.293) (xy 136.155 58.13425)
        (xy 136.158072 57.52) (xy 136.145812 57.395518) (xy 136.109502 57.27582) (xy 136.050537 57.165506) (xy 135.971185 57.068815)
        (xy 135.874494 56.989463) (xy 135.76418 56.930498) (xy 135.745873 56.924944) (xy 135.812312 56.858505) (xy 135.87479 56.765)
        (xy 140.98521 56.765) (xy 141.047688 56.858505) (xy 141.114127 56.924944) (xy 141.09582 56.930498) (xy 140.985506 56.989463)
        (xy 140.888815 57.068815) (xy 140.809463 57.165506) (xy 140.750498 57.27582) (xy 140.714188 57.395518) (xy 140.701928 57.52)
        (xy 140.705 58.13425) (xy 140.86375 58.293) (xy 142.113 58.293) (xy 142.113 58.273) (xy 142.367 58.273)
        (xy 142.367 58.293) (xy 143.61625 58.293) (xy 143.775 58.13425) (xy 143.778072 57.52) (xy 143.765812 57.395518)
        (xy 143.729502 57.27582) (xy 143.670537 57.165506) (xy 143.591185 57.068815) (xy 143.494494 56.989463) (xy 143.38418 56.930498)
        (xy 143.365873 56.924944) (xy 143.432312 56.858505) (xy 143.49479 56.765) (xy 148.60521 56.765) (xy 148.667688 56.858505)
        (xy 148.734127 56.924944) (xy 148.71582 56.930498) (xy 148.605506 56.989463) (xy 148.508815 57.068815) (xy 148.429463 57.165506)
        (xy 148.370498 57.27582) (xy 148.334188 57.395518) (xy 148.321928 57.52) (xy 148.325 58.13425) (xy 148.48375 58.293)
        (xy 149.733 58.293) (xy 149.733 58.273) (xy 149.987 58.273) (xy 149.987 58.293) (xy 151.23625 58.293)
        (xy 151.395 58.13425) (xy 151.398072 57.52) (xy 151.385812 57.395518) (xy 151.349502 57.27582) (xy 151.290537 57.165506)
        (xy 151.211185 57.068815) (xy 151.114494 56.989463) (xy 151.00418 56.930498) (xy 150.985873 56.924944) (xy 151.052312 56.858505)
        (xy 151.11479 56.765) (xy 156.22521 56.765) (xy 156.287688 56.858505) (xy 156.354127 56.924944) (xy 156.33582 56.930498)
        (xy 156.225506 56.989463) (xy 156.128815 57.068815) (xy 156.049463 57.165506) (xy 155.990498 57.27582) (xy 155.954188 57.395518)
        (xy 155.941928 57.52) (xy 155.945 58.13425) (xy 156.10375 58.293) (xy 157.353 58.293) (xy 157.353 58.273)
        (xy 157.607 58.273) (xy 157.607 58.293) (xy 157.627 58.293) (xy 157.627 58.547) (xy 157.607 58.547)
        (xy 157.607 59.79625) (xy 157.76575 59.955) (xy 158.245002 59.957397) (xy 158.245001 64.502603) (xy 157.76575 64.505)
        (xy 157.607 64.66375) (xy 157.607 65.913) (xy 157.627 65.913) (xy 157.627 66.167) (xy 157.607 66.167)
        (xy 157.607 66.187) (xy 157.353 66.187) (xy 157.353 66.167) (xy 156.10375 66.167) (xy 155.945 66.32575)
        (xy 155.941928 66.94) (xy 155.954188 67.064482) (xy 155.990498 67.18418) (xy 156.049463 67.294494) (xy 156.128815 67.391185)
        (xy 156.225506 67.470537) (xy 156.33582 67.529502) (xy 156.354127 67.535056) (xy 156.287688 67.601495) (xy 156.22521 67.695)
        (xy 151.11479 67.695) (xy 151.052312 67.601495) (xy 150.985873 67.535056) (xy 151.00418 67.529502) (xy 151.114494 67.470537)
        (xy 151.211185 67.391185) (xy 151.290537 67.294494) (xy 151.349502 67.18418) (xy 151.385812 67.064482) (xy 151.398072 66.94)
        (xy 151.395 66.32575) (xy 151.23625 66.167) (xy 149.987 66.167) (xy 149.987 66.187) (xy 149.733 66.187)
        (xy 149.733 66.167) (xy 148.48375 66.167) (xy 148.325 66.32575) (xy 148.321928 66.94) (xy 148.334188 67.064482)
