(kicad_pcb (version 20171130) (host pcbnew 5.1.12-84ad8e8a86~92~ubuntu20.04.1)

  (general
    (thickness 1.6)
    (drawings 21)
    (tracks 40)
    (zones 0)
    (modules 11)
    (nets 12)
  )

  (page A4)
  (title_block
    (title "Dado Digital Completo - Módulo Atuador e Carga")
    (date 2022-02-08)
    (rev 01.0)
    (company "ETE102 - Fundamentos de Circuitos Digitais")
    (comment 1 "CC-BY-SA 4.0")
  )

  (layers
    (0 F.Cu signal)
    (31 B.Cu signal)
    (32 B.Adhes user)
    (33 F.Adhes user)
    (34 B.Paste user)
    (35 F.Paste user)
    (36 B.SilkS user)
    (37 F.SilkS user)
    (38 B.Mask user)
    (39 F.Mask user)
    (40 Dwgs.User user)
    (41 Cmts.User user)
    (42 Eco1.User user)
    (43 Eco2.User user)
    (44 Edge.Cuts user)
    (45 Margin user)
    (46 B.CrtYd user)
    (47 F.CrtYd user)
    (48 B.Fab user)
    (49 F.Fab user)
  )

  (setup
    (last_trace_width 0.5)
    (user_trace_width 2)
    (user_trace_width 2.5)
    (user_trace_width 3)
    (trace_clearance 0.3)
    (zone_clearance 0.5)
    (zone_45_only no)
    (trace_min 0.3)
    (via_size 1.2)
    (via_drill 0.6)
    (via_min_size 0.4)
    (via_min_drill 0.3)
    (uvia_size 0.3)
    (uvia_drill 0.1)
    (uvias_allowed no)
    (uvia_min_size 0.2)
    (uvia_min_drill 0.1)
    (edge_width 0.1)
    (segment_width 0.2)
    (pcb_text_width 0.3)
    (pcb_text_size 1.5 1.5)
    (mod_edge_width 0.15)
    (mod_text_size 1 1)
    (mod_text_width 0.15)
    (pad_size 1.4 2)
    (pad_drill 0.8)
    (pad_to_mask_clearance 0)
    (aux_axis_origin 0 0)
    (visible_elements FFFFFF7F)
    (pcbplotparams
      (layerselection 0x01060_fffffffe)
      (usegerberextensions false)
      (usegerberattributes true)
      (usegerberadvancedattributes true)
      (creategerberjobfile true)
      (excludeedgelayer true)
      (linewidth 0.100000)
      (plotframeref false)
      (viasonmask false)
      (mode 1)
      (useauxorigin false)
      (hpglpennumber 1)
      (hpglpenspeed 20)
      (hpglpendiameter 15.000000)
      (psnegative false)
      (psa4output false)
      (plotreference true)
      (plotvalue true)
      (plotinvisibletext false)
      (padsonsilk false)
      (subtractmaskfromsilk false)
      (outputformat 1)
      (mirror false)
      (drillshape 0)
      (scaleselection 1)
      (outputdirectory "gerber/rev1.0"))
  )

  (net 0 "")
  (net 1 GND)
  (net 2 VDD)
  (net 3 "Net-(D1-Pad2)")
  (net 4 "Net-(D2-Pad2)")
  (net 5 +12V)
  (net 6 Earth)
  (net 7 "Net-(Q1-Pad2)")
  (net 8 "Net-(RL1-Pad12)")
  (net 9 "Net-(J4-Pad1)")
  (net 10 "Net-(D1-Pad1)")
  (net 11 "Net-(J5-Pad2)")

  (net_class Default "Esta é a classe de rede padrão."
    (clearance 0.3)
    (trace_width 0.5)
    (via_dia 1.2)
    (via_drill 0.6)
    (uvia_dia 0.3)
    (uvia_drill 0.1)
    (diff_pair_width 0.3)
    (diff_pair_gap 0.3)
    (add_net Earth)
    (add_net "Net-(D1-Pad1)")
    (add_net "Net-(D1-Pad2)")
    (add_net "Net-(D2-Pad2)")
    (add_net "Net-(J4-Pad1)")
    (add_net "Net-(J5-Pad2)")
    (add_net "Net-(Q1-Pad2)")
    (add_net "Net-(RL1-Pad12)")
  )

  (net_class GND ""
    (clearance 0.3)
    (trace_width 0.5)
    (via_dia 1.2)
    (via_drill 0.6)
    (uvia_dia 0.3)
    (uvia_drill 0.1)
    (diff_pair_width 0.3)
    (diff_pair_gap 0.3)
    (add_net GND)
  )

  (net_class Vcc ""
    (clearance 0.3)
    (trace_width 0.5)
    (via_dia 1.2)
    (via_drill 0.6)
    (uvia_dia 0.3)
    (uvia_drill 0.1)
    (diff_pair_width 0.3)
    (diff_pair_gap 0.3)
    (add_net +12V)
    (add_net VDD)
  )

  (module Package_TO_SOT_THT:TO-92_HandSolder (layer F.Cu) (tedit 62033F2E) (tstamp 6203BA23)
    (at 125.73 91.44)
    (descr "TO-92 leads molded, narrow, drill 0.75mm, handsoldering variant with enlarged pads (see NXP sot054_po.pdf)")
    (tags "to-92 sc-43 sc-43a sot54 PA33 transistor")
    (path /5742CA8F)
    (fp_text reference Q1 (at 1.27 3.175) (layer F.SilkS)
      (effects (font (size 1 1) (thickness 0.15)))
    )
    (fp_text value BC547 (at -3.81 1.27) (layer F.Fab)
      (effects (font (size 1 1) (thickness 0.15)))
    )
    (fp_line (start 4 2.01) (end -1.46 2.01) (layer F.CrtYd) (width 0.05))
    (fp_line (start 4 2.01) (end 4 -3.05) (layer F.CrtYd) (width 0.05))
    (fp_line (start -1.46 -3.05) (end -1.46 2.01) (layer F.CrtYd) (width 0.05))
    (fp_line (start -1.46 -3.05) (end 4 -3.05) (layer F.CrtYd) (width 0.05))
    (fp_line (start -0.5 1.75) (end 3 1.75) (layer F.Fab) (width 0.1))
    (fp_line (start -0.53 1.85) (end 3.07 1.85) (layer F.SilkS) (width 0.12))
    (fp_arc (start 1.27 0) (end 2.05 -2.45) (angle 117.6433766) (layer F.SilkS) (width 0.12))
    (fp_arc (start 1.27 0) (end 1.27 -2.48) (angle -135) (layer F.Fab) (width 0.1))
    (fp_arc (start 1.27 0) (end 0.45 -2.45) (angle -116.9632683) (layer F.SilkS) (width 0.12))
    (fp_arc (start 1.27 0) (end 1.27 -2.48) (angle 135) (layer F.Fab) (width 0.1))
    (fp_text user %R (at 1.27 0) (layer F.Fab)
      (effects (font (size 1 1) (thickness 0.15)))
    )
    (pad 1 thru_hole roundrect (at 0 0) (size 1.4 2) (drill 0.8 (offset 0 0.3)) (layers *.Cu *.Mask) (roundrect_rratio 0.357)
      (net 3 "Net-(D1-Pad2)"))
    (pad 3 thru_hole oval (at 2.54 0) (size 1.4 2) (drill 0.8 (offset 0 0.3)) (layers *.Cu *.Mask)
      (net 1 GND))
    (pad 2 thru_hole oval (at 1.27 -1.27) (size 1.4 2) (drill 0.8 (offset 0 -0.3)) (layers *.Cu *.Mask)
      (net 7 "Net-(Q1-Pad2)"))
    (model ${KISYS3DMOD}/Package_TO_SOT_THT.3dshapes/TO-92.wrl
      (at (xyz 0 0 0))
      (scale (xyz 1 1 1))
      (rotate (xyz 0 0 0))
    )
  )

  (module Resistor_THT:R_Axial_DIN0207_L6.3mm_D2.5mm_P10.16mm_Horizontal (layer F.Cu) (tedit 5AE5139B) (tstamp 620189C7)
    (at 144.78 90.17 180)
    (descr "Resistor, Axial_DIN0207 series, Axial, Horizontal, pin pitch=10.16mm, 0.25W = 1/4W, length*diameter=6.3*2.5mm^2, http://cdn-reichelt.de/documents/datenblatt/B400/1_4W%23YAG.pdf")
    (tags "Resistor Axial_DIN0207 series Axial Horizontal pin pitch 10.16mm 0.25W = 1/4W length 6.3mm diameter 2.5mm")
    (path /6204C159)
    (fp_text reference R21 (at 5.08 -2.37) (layer F.SilkS)
      (effects (font (size 1 1) (thickness 0.15)))
    )
    (fp_text value 47R (at 5.08 0) (layer F.SilkS)
      (effects (font (size 1 1) (thickness 0.15)))
    )
    (fp_line (start 1.93 -1.25) (end 1.93 1.25) (layer F.Fab) (width 0.1))
    (fp_line (start 1.93 1.25) (end 8.23 1.25) (layer F.Fab) (width 0.1))
    (fp_line (start 8.23 1.25) (end 8.23 -1.25) (layer F.Fab) (width 0.1))
    (fp_line (start 8.23 -1.25) (end 1.93 -1.25) (layer F.Fab) (width 0.1))
    (fp_line (start 0 0) (end 1.93 0) (layer F.Fab) (width 0.1))
    (fp_line (start 10.16 0) (end 8.23 0) (layer F.Fab) (width 0.1))
    (fp_line (start 1.81 -1.37) (end 1.81 1.37) (layer F.SilkS) (width 0.12))
    (fp_line (start 1.81 1.37) (end 8.35 1.37) (layer F.SilkS) (width 0.12))
    (fp_line (start 8.35 1.37) (end 8.35 -1.37) (layer F.SilkS) (width 0.12))
    (fp_line (start 8.35 -1.37) (end 1.81 -1.37) (layer F.SilkS) (width 0.12))
    (fp_line (start 1.04 0) (end 1.81 0) (layer F.SilkS) (width 0.12))
    (fp_line (start 9.12 0) (end 8.35 0) (layer F.SilkS) (width 0.12))
    (fp_line (start -1.05 -1.5) (end -1.05 1.5) (layer F.CrtYd) (width 0.05))
    (fp_line (start -1.05 1.5) (end 11.21 1.5) (layer F.CrtYd) (width 0.05))
    (fp_line (start 11.21 1.5) (end 11.21 -1.5) (layer F.CrtYd) (width 0.05))
    (fp_line (start 11.21 -1.5) (end -1.05 -1.5) (layer F.CrtYd) (width 0.05))
    (fp_text user %R (at 5.08 0) (layer F.Fab)
      (effects (font (size 1 1) (thickness 0.15)))
    )
    (pad 2 thru_hole oval (at 10.16 0 180) (size 1.6 2.2) (drill 0.8) (layers *.Cu *.Mask)
      (net 10 "Net-(D1-Pad1)"))
    (pad 1 thru_hole oval (at 0 0 180) (size 1.6 2.2) (drill 0.8) (layers *.Cu *.Mask)
      (net 2 VDD))
    (model ${KISYS3DMOD}/Resistor_THT.3dshapes/R_Axial_DIN0207_L6.3mm_D2.5mm_P10.16mm_Horizontal.wrl
      (at (xyz 0 0 0))
      (scale (xyz 1 1 1))
      (rotate (xyz 0 0 0))
    )
  )

  (module Connector_PinHeader_1.00mm:PinHeader_1x01_P1.00mm_Vertical (layer F.Cu) (tedit 59FED738) (tstamp 61FFAF3E)
    (at 105.41 90.17)
    (descr "Through hole straight pin header, 1x01, 1.00mm pitch, single row")
    (tags "Through hole pin header THT 1x01 1.00mm single row")
    (path /62076698)
    (fp_text reference J4 (at 2.54 0 90) (layer F.SilkS)
      (effects (font (size 1 1) (thickness 0.15)))
    )
    (fp_text value Conn_01x01 (at 2.54 2.54) (layer F.Fab)
      (effects (font (size 1 1) (thickness 0.15)))
    )
    (fp_line (start -0.3175 -0.5) (end 0.635 -0.5) (layer F.Fab) (width 0.1))
    (fp_line (start 0.635 -0.5) (end 0.635 0.5) (layer F.Fab) (width 0.1))
    (fp_line (start 0.635 0.5) (end -0.635 0.5) (layer F.Fab) (width 0.1))
    (fp_line (start -0.635 0.5) (end -0.635 -0.1825) (layer F.Fab) (width 0.1))
    (fp_line (start -0.635 -0.1825) (end -0.3175 -0.5) (layer F.Fab) (width 0.1))
    (fp_line (start -0.695 0.685) (end 0.695 0.685) (layer F.SilkS) (width 0.12))
    (fp_line (start -0.695 0.685) (end -0.695 0.56) (layer F.SilkS) (width 0.12))
    (fp_line (start 0.695 0.685) (end 0.695 0.56) (layer F.SilkS) (width 0.12))
    (fp_line (start -0.695 0.685) (end -0.608276 0.685) (layer F.SilkS) (width 0.12))
    (fp_line (start 0.608276 0.685) (end 0.695 0.685) (layer F.SilkS) (width 0.12))
    (fp_line (start -0.695 0) (end -0.695 -0.685) (layer F.SilkS) (width 0.12))
    (fp_line (start -0.695 -0.685) (end 0 -0.685) (layer F.SilkS) (width 0.12))
    (fp_line (start -1.15 -1) (end -1.15 1) (layer F.CrtYd) (width 0.05))
    (fp_line (start -1.15 1) (end 1.15 1) (layer F.CrtYd) (width 0.05))
    (fp_line (start 1.15 1) (end 1.15 -1) (layer F.CrtYd) (width 0.05))
    (fp_line (start 1.15 -1) (end -1.15 -1) (layer F.CrtYd) (width 0.05))
    (fp_text user %R (at 1.27 0 90) (layer F.Fab)
      (effects (font (size 0.76 0.76) (thickness 0.114)))
    )
    (pad 1 thru_hole rect (at 0 0) (size 2.6 2.6) (drill 1.3) (layers *.Cu *.Mask)
      (net 9 "Net-(J4-Pad1)"))
    (model ${KISYS3DMOD}/Connector_PinHeader_1.00mm.3dshapes/PinHeader_1x01_P1.00mm_Vertical.wrl
      (at (xyz 0 0 0))
      (scale (xyz 1 1 1))
      (rotate (xyz 0 0 0))
    )
  )

  (module Relay_THT:Relay_SPDT_SANYOU_SRD_Series_Form_C placed (layer F.Cu) (tedit 6201742C) (tstamp 61FF2C6F)
    (at 127 102.87 270)
    (descr "relay Sanyou SRD series Form C http://www.sanyourelay.ca/public/products/pdf/SRD.pdf")
    (tags "relay Sanyu SRD form C")
    (path /575012BB)
    (fp_text reference RL1 (at 8.1 9.2 90) (layer F.SilkS)
      (effects (font (size 1 1) (thickness 0.15)))
    )
    (fp_text value HF3FA/005-ZSTF (at 8 -9.6 90) (layer F.Fab)
      (effects (font (size 1 1) (thickness 0.15)))
    )
    (fp_line (start -1.4 1.2) (end -1.4 7.8) (layer F.SilkS) (width 0.12))
    (fp_line (start -1.4 -7.8) (end -1.4 -1.2) (layer F.SilkS) (width 0.12))
    (fp_line (start -1.4 -7.8) (end 18.4 -7.8) (layer F.SilkS) (width 0.12))
    (fp_line (start 18.4 -7.8) (end 18.4 7.8) (layer F.SilkS) (width 0.12))
    (fp_line (start 18.4 7.8) (end -1.4 7.8) (layer F.SilkS) (width 0.12))
    (fp_line (start -1.3 -7.7) (end 18.3 -7.7) (layer F.Fab) (width 0.12))
    (fp_line (start 18.3 -7.7) (end 18.3 7.7) (layer F.Fab) (width 0.12))
    (fp_line (start 18.3 7.7) (end -1.3 7.7) (layer F.Fab) (width 0.12))
    (fp_line (start -1.3 7.7) (end -1.3 -7.7) (layer F.Fab) (width 0.12))
    (fp_line (start 18.55 -7.95) (end -1.55 -7.95) (layer F.CrtYd) (width 0.05))
    (fp_line (start -1.55 7.95) (end -1.55 -7.95) (layer F.CrtYd) (width 0.05))
    (fp_line (start 18.55 -7.95) (end 18.55 7.95) (layer F.CrtYd) (width 0.05))
    (fp_line (start -1.55 7.95) (end 18.55 7.95) (layer F.CrtYd) (width 0.05))
    (fp_line (start 14.15 4.2) (end 14.15 1.75) (layer F.SilkS) (width 0.12))
    (fp_line (start 14.15 -4.2) (end 14.15 -1.7) (layer F.SilkS) (width 0.12))
    (fp_line (start 3.55 6.05) (end 6.05 6.05) (layer F.SilkS) (width 0.12))
    (fp_line (start 2.65 0.05) (end 1.85 0.05) (layer F.SilkS) (width 0.12))
    (fp_line (start 6.05 -5.95) (end 3.55 -5.95) (layer F.SilkS) (width 0.12))
    (fp_line (start 9.45 0.05) (end 10.95 0.05) (layer F.SilkS) (width 0.12))
    (fp_line (start 10.95 0.05) (end 15.55 -2.45) (layer F.SilkS) (width 0.12))
    (fp_line (start 9.45 3.65) (end 2.65 3.65) (layer F.SilkS) (width 0.12))
    (fp_line (start 9.45 0.05) (end 9.45 3.65) (layer F.SilkS) (width 0.12))
    (fp_line (start 2.65 0.05) (end 2.65 3.65) (layer F.SilkS) (width 0.12))
    (fp_line (start 6.05 -5.95) (end 6.05 -1.75) (layer F.SilkS) (width 0.12))
    (fp_line (start 6.05 1.85) (end 6.05 6.05) (layer F.SilkS) (width 0.12))
    (fp_line (start 8.05 1.85) (end 4.05 -1.75) (layer F.SilkS) (width 0.12))
    (fp_line (start 4.05 1.85) (end 4.05 -1.75) (layer F.SilkS) (width 0.12))
    (fp_line (start 4.05 -1.75) (end 8.05 -1.75) (layer F.SilkS) (width 0.12))
    (fp_line (start 8.05 -1.75) (end 8.05 1.85) (layer F.SilkS) (width 0.12))
    (fp_line (start 8.05 1.85) (end 4.05 1.85) (layer F.SilkS) (width 0.12))
    (fp_text user 1 (at 0 -2.3 90) (layer F.Fab)
      (effects (font (size 1 1) (thickness 0.15)))
    )
    (fp_text user %R (at 7.1 0.025 90) (layer F.Fab)
      (effects (font (size 1 1) (thickness 0.15)))
    )
    (pad A2 thru_hole circle (at 1.95 6.05) (size 3 3) (drill 1.3) (layers *.Cu *.Mask)
      (net 3 "Net-(D1-Pad2)"))
    (pad 14 thru_hole circle (at 14.15 6.05) (size 3 3) (drill 1.3) (layers *.Cu *.Mask)
      (net 5 +12V))
    (pad 12 thru_hole circle (at 14.2 -6) (size 3 3) (drill 1.3) (layers *.Cu *.Mask)
      (net 8 "Net-(RL1-Pad12)"))
    (pad A1 thru_hole circle (at 1.95 -5.95) (size 3 3) (drill 1.3) (layers *.Cu *.Mask)
      (net 2 VDD))
    (pad 11 thru_hole circle (at 0 0) (size 3 3) (drill 1.3) (layers *.Cu *.Mask)
      (net 11 "Net-(J5-Pad2)"))
    (model ${KISYS3DMOD}/Relay_THT.3dshapes/Relay_SPDT_SANYOU_SRD_Series_Form_C.wrl
      (at (xyz 0 0 0))
      (scale (xyz 1 1 1))
      (rotate (xyz 0 0 0))
    )
  )

  (module Resistor_THT:R_Axial_DIN0207_L6.3mm_D2.5mm_P10.16mm_Horizontal placed (layer F.Cu) (tedit 5AE5139B) (tstamp 61FFC73E)
    (at 134.62 97.79)
    (descr "Resistor, Axial_DIN0207 series, Axial, Horizontal, pin pitch=10.16mm, 0.25W = 1/4W, length*diameter=6.3*2.5mm^2, http://cdn-reichelt.de/documents/datenblatt/B400/1_4W%23YAG.pdf")
    (tags "Resistor Axial_DIN0207 series Axial Horizontal pin pitch 10.16mm 0.25W = 1/4W length 6.3mm diameter 2.5mm")
    (path /62049194)
    (fp_text reference R20 (at 5.08 2.54) (layer F.SilkS)
      (effects (font (size 1 1) (thickness 0.15)))
    )
    (fp_text value 1k (at 5.08 0) (layer F.SilkS)
      (effects (font (size 1 1) (thickness 0.15)))
    )
    (fp_line (start 11.21 -1.5) (end -1.05 -1.5) (layer F.CrtYd) (width 0.05))
    (fp_line (start 11.21 1.5) (end 11.21 -1.5) (layer F.CrtYd) (width 0.05))
    (fp_line (start -1.05 1.5) (end 11.21 1.5) (layer F.CrtYd) (width 0.05))
    (fp_line (start -1.05 -1.5) (end -1.05 1.5) (layer F.CrtYd) (width 0.05))
    (fp_line (start 9.12 0) (end 8.35 0) (layer F.SilkS) (width 0.12))
    (fp_line (start 1.04 0) (end 1.81 0) (layer F.SilkS) (width 0.12))
    (fp_line (start 8.35 -1.37) (end 1.81 -1.37) (layer F.SilkS) (width 0.12))
    (fp_line (start 8.35 1.37) (end 8.35 -1.37) (layer F.SilkS) (width 0.12))
    (fp_line (start 1.81 1.37) (end 8.35 1.37) (layer F.SilkS) (width 0.12))
    (fp_line (start 1.81 -1.37) (end 1.81 1.37) (layer F.SilkS) (width 0.12))
    (fp_line (start 10.16 0) (end 8.23 0) (layer F.Fab) (width 0.1))
    (fp_line (start 0 0) (end 1.93 0) (layer F.Fab) (width 0.1))
    (fp_line (start 8.23 -1.25) (end 1.93 -1.25) (layer F.Fab) (width 0.1))
    (fp_line (start 8.23 1.25) (end 8.23 -1.25) (layer F.Fab) (width 0.1))
    (fp_line (start 1.93 1.25) (end 8.23 1.25) (layer F.Fab) (width 0.1))
    (fp_line (start 1.93 -1.25) (end 1.93 1.25) (layer F.Fab) (width 0.1))
    (fp_text user %R (at 5.08 0) (layer F.Fab)
      (effects (font (size 1 1) (thickness 0.15)))
    )
    (pad 2 thru_hole oval (at 10.16 0) (size 1.6 2.2) (drill 0.8) (layers *.Cu *.Mask)
      (net 4 "Net-(D2-Pad2)"))
    (pad 1 thru_hole oval (at 0 0) (size 1.6 2.2) (drill 0.8) (layers *.Cu *.Mask)
      (net 11 "Net-(J5-Pad2)"))
    (model ${KISYS3DMOD}/Resistor_THT.3dshapes/R_Axial_DIN0207_L6.3mm_D2.5mm_P10.16mm_Horizontal.wrl
      (at (xyz 0 0 0))
      (scale (xyz 1 1 1))
      (rotate (xyz 0 0 0))
    )
  )

  (module Resistor_THT:R_Axial_DIN0207_L6.3mm_D2.5mm_P10.16mm_Horizontal placed (layer F.Cu) (tedit 6202E749) (tstamp 61FF2C01)
    (at 110.49 90.17)
    (descr "Resistor, Axial_DIN0207 series, Axial, Horizontal, pin pitch=10.16mm, 0.25W = 1/4W, length*diameter=6.3*2.5mm^2, http://cdn-reichelt.de/documents/datenblatt/B400/1_4W%23YAG.pdf")
    (tags "Resistor Axial_DIN0207 series Axial Horizontal pin pitch 10.16mm 0.25W = 1/4W length 6.3mm diameter 2.5mm")
    (path /5742C9F0)
    (fp_text reference R5 (at 5.08 2.54) (layer F.SilkS)
      (effects (font (size 1 1) (thickness 0.15)))
    )
    (fp_text value 1k (at 5.08 0) (layer F.SilkS)
      (effects (font (size 1 1) (thickness 0.15)))
    )
    (fp_line (start 11.21 -1.5) (end -1.05 -1.5) (layer F.CrtYd) (width 0.05))
    (fp_line (start 11.21 1.5) (end 11.21 -1.5) (layer F.CrtYd) (width 0.05))
    (fp_line (start -1.05 1.5) (end 11.21 1.5) (layer F.CrtYd) (width 0.05))
    (fp_line (start -1.05 -1.5) (end -1.05 1.5) (layer F.CrtYd) (width 0.05))
    (fp_line (start 9.12 0) (end 8.35 0) (layer F.SilkS) (width 0.12))
    (fp_line (start 1.04 0) (end 1.81 0) (layer F.SilkS) (width 0.12))
    (fp_line (start 8.35 -1.37) (end 1.81 -1.37) (layer F.SilkS) (width 0.12))
    (fp_line (start 8.35 1.37) (end 8.35 -1.37) (layer F.SilkS) (width 0.12))
    (fp_line (start 1.81 1.37) (end 8.35 1.37) (layer F.SilkS) (width 0.12))
    (fp_line (start 1.81 -1.37) (end 1.81 1.37) (layer F.SilkS) (width 0.12))
    (fp_line (start 10.16 0) (end 8.23 0) (layer F.Fab) (width 0.1))
    (fp_line (start 0 0) (end 1.93 0) (layer F.Fab) (width 0.1))
    (fp_line (start 8.23 -1.25) (end 1.93 -1.25) (layer F.Fab) (width 0.1))
    (fp_line (start 8.23 1.25) (end 8.23 -1.25) (layer F.Fab) (width 0.1))
    (fp_line (start 1.93 1.25) (end 8.23 1.25) (layer F.Fab) (width 0.1))
    (fp_line (start 1.93 -1.25) (end 1.93 1.25) (layer F.Fab) (width 0.1))
    (fp_text user %R (at 5.08 0) (layer F.Fab)
      (effects (font (size 1 1) (thickness 0.15)))
    )
    (pad 2 thru_hole oval (at 10.16 0) (size 1.6 2.2) (drill 0.8) (layers *.Cu *.Mask)
      (net 7 "Net-(Q1-Pad2)"))
    (pad 1 thru_hole oval (at 0 0) (size 1.6 2.2) (drill 0.8) (layers *.Cu *.Mask)
      (net 9 "Net-(J4-Pad1)"))
    (model ${KISYS3DMOD}/Resistor_THT.3dshapes/R_Axial_DIN0207_L6.3mm_D2.5mm_P10.16mm_Horizontal.wrl
      (at (xyz 0 0 0))
      (scale (xyz 1 1 1))
      (rotate (xyz 0 0 0))
    )
  )

  (module TerminalBlock_Phoenix:TerminalBlock_Phoenix_MKDS-1,5-2_1x02_P5.00mm_Horizontal placed (layer F.Cu) (tedit 5B294EE5) (tstamp 61FF2BAA)
    (at 144.78 118.11 90)
    (descr "Terminal Block Phoenix MKDS-1,5-2, 2 pins, pitch 5mm, size 10x9.8mm^2, drill diamater 1.3mm, pad diameter 2.6mm, see http://www.farnell.com/datasheets/100425.pdf, script-generated using https://github.com/pointhi/kicad-footprint-generator/scripts/TerminalBlock_Phoenix")
    (tags "THT Terminal Block Phoenix MKDS-1,5-2 pitch 5mm size 10x9.8mm^2 drill 1.3mm pad 2.6mm")
    (path /62084076)
    (fp_text reference J5 (at 2.5 -6.26 90) (layer F.SilkS)
      (effects (font (size 1 1) (thickness 0.15)))
    )
    (fp_text value Conn_01x02 (at 2.5 5.66 90) (layer F.Fab)
      (effects (font (size 1 1) (thickness 0.15)))
    )
    (fp_circle (center 0 0) (end 1.5 0) (layer F.Fab) (width 0.1))
    (fp_circle (center 5 0) (end 6.5 0) (layer F.Fab) (width 0.1))
    (fp_circle (center 5 0) (end 6.68 0) (layer F.SilkS) (width 0.12))
    (fp_line (start -2.5 -5.2) (end 7.5 -5.2) (layer F.Fab) (width 0.1))
    (fp_line (start 7.5 -5.2) (end 7.5 4.6) (layer F.Fab) (width 0.1))
    (fp_line (start 7.5 4.6) (end -2 4.6) (layer F.Fab) (width 0.1))
    (fp_line (start -2 4.6) (end -2.5 4.1) (layer F.Fab) (width 0.1))
    (fp_line (start -2.5 4.1) (end -2.5 -5.2) (layer F.Fab) (width 0.1))
    (fp_line (start -2.5 4.1) (end 7.5 4.1) (layer F.Fab) (width 0.1))
    (fp_line (start -2.56 4.1) (end 7.56 4.1) (layer F.SilkS) (width 0.12))
    (fp_line (start -2.5 2.6) (end 7.5 2.6) (layer F.Fab) (width 0.1))
    (fp_line (start -2.56 2.6) (end 7.56 2.6) (layer F.SilkS) (width 0.12))
    (fp_line (start -2.5 -2.3) (end 7.5 -2.3) (layer F.Fab) (width 0.1))
    (fp_line (start -2.56 -2.301) (end 7.56 -2.301) (layer F.SilkS) (width 0.12))
    (fp_line (start -2.56 -5.261) (end 7.56 -5.261) (layer F.SilkS) (width 0.12))
    (fp_line (start -2.56 4.66) (end 7.56 4.66) (layer F.SilkS) (width 0.12))
    (fp_line (start -2.56 -5.261) (end -2.56 4.66) (layer F.SilkS) (width 0.12))
    (fp_line (start 7.56 -5.261) (end 7.56 4.66) (layer F.SilkS) (width 0.12))
    (fp_line (start 1.138 -0.955) (end -0.955 1.138) (layer F.Fab) (width 0.1))
    (fp_line (start 0.955 -1.138) (end -1.138 0.955) (layer F.Fab) (width 0.1))
    (fp_line (start 6.138 -0.955) (end 4.046 1.138) (layer F.Fab) (width 0.1))
    (fp_line (start 5.955 -1.138) (end 3.863 0.955) (layer F.Fab) (width 0.1))
    (fp_line (start 6.275 -1.069) (end 6.228 -1.023) (layer F.SilkS) (width 0.12))
    (fp_line (start 3.966 1.239) (end 3.931 1.274) (layer F.SilkS) (width 0.12))
    (fp_line (start 6.07 -1.275) (end 6.035 -1.239) (layer F.SilkS) (width 0.12))
    (fp_line (start 3.773 1.023) (end 3.726 1.069) (layer F.SilkS) (width 0.12))
    (fp_line (start -2.8 4.16) (end -2.8 4.9) (layer F.SilkS) (width 0.12))
    (fp_line (start -2.8 4.9) (end -2.3 4.9) (layer F.SilkS) (width 0.12))
    (fp_line (start -3 -5.71) (end -3 5.1) (layer F.CrtYd) (width 0.05))
    (fp_line (start -3 5.1) (end 8 5.1) (layer F.CrtYd) (width 0.05))
    (fp_line (start 8 5.1) (end 8 -5.71) (layer F.CrtYd) (width 0.05))
    (fp_line (start 8 -5.71) (end -3 -5.71) (layer F.CrtYd) (width 0.05))
    (fp_arc (start 0 0) (end 0 1.68) (angle -24) (layer F.SilkS) (width 0.12))
    (fp_arc (start 0 0) (end 1.535 0.684) (angle -48) (layer F.SilkS) (width 0.12))
    (fp_arc (start 0 0) (end 0.684 -1.535) (angle -48) (layer F.SilkS) (width 0.12))
    (fp_arc (start 0 0) (end -1.535 -0.684) (angle -48) (layer F.SilkS) (width 0.12))
    (fp_arc (start 0 0) (end -0.684 1.535) (angle -25) (layer F.SilkS) (width 0.12))
    (fp_text user %R (at 2.5 3.2 90) (layer F.Fab)
      (effects (font (size 1 1) (thickness 0.15)))
    )
    (pad 1 thru_hole rect (at 0 0 90) (size 2.6 2.6) (drill 1.3) (layers *.Cu *.Mask)
      (net 6 Earth))
    (pad 2 thru_hole circle (at 5 0 90) (size 2.6 2.6) (drill 1.3) (layers *.Cu *.Mask)
      (net 11 "Net-(J5-Pad2)"))
    (model ${KISYS3DMOD}/TerminalBlock_Phoenix.3dshapes/TerminalBlock_Phoenix_MKDS-1,5-2_1x02_P5.00mm_Horizontal.wrl
      (at (xyz 0 0 0))
      (scale (xyz 1 1 1))
      (rotate (xyz 0 0 0))
    )
  )

  (module TerminalBlock_Phoenix:TerminalBlock_Phoenix_MKDS-1,5-2_1x02_P5.00mm_Horizontal placed (layer F.Cu) (tedit 5B294EE5) (tstamp 61FF2B7E)
    (at 109.22 113.03 270)
    (descr "Terminal Block Phoenix MKDS-1,5-2, 2 pins, pitch 5mm, size 10x9.8mm^2, drill diamater 1.3mm, pad diameter 2.6mm, see http://www.farnell.com/datasheets/100425.pdf, script-generated using https://github.com/pointhi/kicad-footprint-generator/scripts/TerminalBlock_Phoenix")
    (tags "THT Terminal Block Phoenix MKDS-1,5-2 pitch 5mm size 10x9.8mm^2 drill 1.3mm pad 2.6mm")
    (path /620839E4)
    (fp_text reference J2 (at 2.5 -6.26 90) (layer F.SilkS)
      (effects (font (size 1 1) (thickness 0.15)))
    )
    (fp_text value Conn_01x02 (at 2.5 5.66 90) (layer F.Fab)
      (effects (font (size 1 1) (thickness 0.15)))
    )
    (fp_line (start 8 -5.71) (end -3 -5.71) (layer F.CrtYd) (width 0.05))
    (fp_line (start 8 5.1) (end 8 -5.71) (layer F.CrtYd) (width 0.05))
    (fp_line (start -3 5.1) (end 8 5.1) (layer F.CrtYd) (width 0.05))
    (fp_line (start -3 -5.71) (end -3 5.1) (layer F.CrtYd) (width 0.05))
    (fp_line (start -2.8 4.9) (end -2.3 4.9) (layer F.SilkS) (width 0.12))
    (fp_line (start -2.8 4.16) (end -2.8 4.9) (layer F.SilkS) (width 0.12))
    (fp_line (start 3.773 1.023) (end 3.726 1.069) (layer F.SilkS) (width 0.12))
    (fp_line (start 6.07 -1.275) (end 6.035 -1.239) (layer F.SilkS) (width 0.12))
    (fp_line (start 3.966 1.239) (end 3.931 1.274) (layer F.SilkS) (width 0.12))
    (fp_line (start 6.275 -1.069) (end 6.228 -1.023) (layer F.SilkS) (width 0.12))
    (fp_line (start 5.955 -1.138) (end 3.863 0.955) (layer F.Fab) (width 0.1))
    (fp_line (start 6.138 -0.955) (end 4.046 1.138) (layer F.Fab) (width 0.1))
    (fp_line (start 0.955 -1.138) (end -1.138 0.955) (layer F.Fab) (width 0.1))
    (fp_line (start 1.138 -0.955) (end -0.955 1.138) (layer F.Fab) (width 0.1))
    (fp_line (start 7.56 -5.261) (end 7.56 4.66) (layer F.SilkS) (width 0.12))
    (fp_line (start -2.56 -5.261) (end -2.56 4.66) (layer F.SilkS) (width 0.12))
    (fp_line (start -2.56 4.66) (end 7.56 4.66) (layer F.SilkS) (width 0.12))
    (fp_line (start -2.56 -5.261) (end 7.56 -5.261) (layer F.SilkS) (width 0.12))
    (fp_line (start -2.56 -2.301) (end 7.56 -2.301) (layer F.SilkS) (width 0.12))
    (fp_line (start -2.5 -2.3) (end 7.5 -2.3) (layer F.Fab) (width 0.1))
    (fp_line (start -2.56 2.6) (end 7.56 2.6) (layer F.SilkS) (width 0.12))
    (fp_line (start -2.5 2.6) (end 7.5 2.6) (layer F.Fab) (width 0.1))
    (fp_line (start -2.56 4.1) (end 7.56 4.1) (layer F.SilkS) (width 0.12))
    (fp_line (start -2.5 4.1) (end 7.5 4.1) (layer F.Fab) (width 0.1))
    (fp_line (start -2.5 4.1) (end -2.5 -5.2) (layer F.Fab) (width 0.1))
    (fp_line (start -2 4.6) (end -2.5 4.1) (layer F.Fab) (width 0.1))
    (fp_line (start 7.5 4.6) (end -2 4.6) (layer F.Fab) (width 0.1))
    (fp_line (start 7.5 -5.2) (end 7.5 4.6) (layer F.Fab) (width 0.1))
    (fp_line (start -2.5 -5.2) (end 7.5 -5.2) (layer F.Fab) (width 0.1))
    (fp_circle (center 5 0) (end 6.68 0) (layer F.SilkS) (width 0.12))
    (fp_circle (center 5 0) (end 6.5 0) (layer F.Fab) (width 0.1))
    (fp_circle (center 0 0) (end 1.5 0) (layer F.Fab) (width 0.1))
    (fp_text user %R (at 2.5 3.2 90) (layer F.Fab)
      (effects (font (size 1 1) (thickness 0.15)))
    )
    (fp_arc (start 0 0) (end -0.684 1.535) (angle -25) (layer F.SilkS) (width 0.12))
    (fp_arc (start 0 0) (end -1.535 -0.684) (angle -48) (layer F.SilkS) (width 0.12))
    (fp_arc (start 0 0) (end 0.684 -1.535) (angle -48) (layer F.SilkS) (width 0.12))
    (fp_arc (start 0 0) (end 1.535 0.684) (angle -48) (layer F.SilkS) (width 0.12))
    (fp_arc (start 0 0) (end 0 1.68) (angle -24) (layer F.SilkS) (width 0.12))
    (pad 2 thru_hole circle (at 5 0 270) (size 2.6 2.6) (drill 1.3) (layers *.Cu *.Mask)
      (net 6 Earth))
    (pad 1 thru_hole rect (at 0 0 270) (size 2.6 2.6) (drill 1.3) (layers *.Cu *.Mask)
      (net 5 +12V))
    (model ${KISYS3DMOD}/TerminalBlock_Phoenix.3dshapes/TerminalBlock_Phoenix_MKDS-1,5-2_1x02_P5.00mm_Horizontal.wrl
      (at (xyz 0 0 0))
      (scale (xyz 1 1 1))
      (rotate (xyz 0 0 0))
    )
  )

  (module TerminalBlock_Phoenix:TerminalBlock_Phoenix_MKDS-1,5-2_1x02_P5.00mm_Horizontal placed (layer F.Cu) (tedit 5B294EE5) (tstamp 61FF2B52)
    (at 109.22 97.79 270)
    (descr "Terminal Block Phoenix MKDS-1,5-2, 2 pins, pitch 5mm, size 10x9.8mm^2, drill diamater 1.3mm, pad diameter 2.6mm, see http://www.farnell.com/datasheets/100425.pdf, script-generated using https://github.com/pointhi/kicad-footprint-generator/scripts/TerminalBlock_Phoenix")
    (tags "THT Terminal Block Phoenix MKDS-1,5-2 pitch 5mm size 10x9.8mm^2 drill 1.3mm pad 2.6mm")
    (path /620818EA)
    (fp_text reference J1 (at 2.5 -6.26 90) (layer F.SilkS)
      (effects (font (size 1 1) (thickness 0.15)))
    )
    (fp_text value Conn_01x02 (at 2.5 5.66 90) (layer F.Fab)
      (effects (font (size 1 1) (thickness 0.15)))
    )
    (fp_line (start 8 -5.71) (end -3 -5.71) (layer F.CrtYd) (width 0.05))
    (fp_line (start 8 5.1) (end 8 -5.71) (layer F.CrtYd) (width 0.05))
    (fp_line (start -3 5.1) (end 8 5.1) (layer F.CrtYd) (width 0.05))
    (fp_line (start -3 -5.71) (end -3 5.1) (layer F.CrtYd) (width 0.05))
    (fp_line (start -2.8 4.9) (end -2.3 4.9) (layer F.SilkS) (width 0.12))
    (fp_line (start -2.8 4.16) (end -2.8 4.9) (layer F.SilkS) (width 0.12))
    (fp_line (start 3.773 1.023) (end 3.726 1.069) (layer F.SilkS) (width 0.12))
    (fp_line (start 6.07 -1.275) (end 6.035 -1.239) (layer F.SilkS) (width 0.12))
    (fp_line (start 3.966 1.239) (end 3.931 1.274) (layer F.SilkS) (width 0.12))
    (fp_line (start 6.275 -1.069) (end 6.228 -1.023) (layer F.SilkS) (width 0.12))
    (fp_line (start 5.955 -1.138) (end 3.863 0.955) (layer F.Fab) (width 0.1))
    (fp_line (start 6.138 -0.955) (end 4.046 1.138) (layer F.Fab) (width 0.1))
    (fp_line (start 0.955 -1.138) (end -1.138 0.955) (layer F.Fab) (width 0.1))
    (fp_line (start 1.138 -0.955) (end -0.955 1.138) (layer F.Fab) (width 0.1))
    (fp_line (start 7.56 -5.261) (end 7.56 4.66) (layer F.SilkS) (width 0.12))
    (fp_line (start -2.56 -5.261) (end -2.56 4.66) (layer F.SilkS) (width 0.12))
    (fp_line (start -2.56 4.66) (end 7.56 4.66) (layer F.SilkS) (width 0.12))
    (fp_line (start -2.56 -5.261) (end 7.56 -5.261) (layer F.SilkS) (width 0.12))
    (fp_line (start -2.56 -2.301) (end 7.56 -2.301) (layer F.SilkS) (width 0.12))
    (fp_line (start -2.5 -2.3) (end 7.5 -2.3) (layer F.Fab) (width 0.1))
    (fp_line (start -2.56 2.6) (end 7.56 2.6) (layer F.SilkS) (width 0.12))
    (fp_line (start -2.5 2.6) (end 7.5 2.6) (layer F.Fab) (width 0.1))
    (fp_line (start -2.56 4.1) (end 7.56 4.1) (layer F.SilkS) (width 0.12))
    (fp_line (start -2.5 4.1) (end 7.5 4.1) (layer F.Fab) (width 0.1))
    (fp_line (start -2.5 4.1) (end -2.5 -5.2) (layer F.Fab) (width 0.1))
    (fp_line (start -2 4.6) (end -2.5 4.1) (layer F.Fab) (width 0.1))
    (fp_line (start 7.5 4.6) (end -2 4.6) (layer F.Fab) (width 0.1))
    (fp_line (start 7.5 -5.2) (end 7.5 4.6) (layer F.Fab) (width 0.1))
    (fp_line (start -2.5 -5.2) (end 7.5 -5.2) (layer F.Fab) (width 0.1))
    (fp_circle (center 5 0) (end 6.68 0) (layer F.SilkS) (width 0.12))
    (fp_circle (center 5 0) (end 6.5 0) (layer F.Fab) (width 0.1))
    (fp_circle (center 0 0) (end 1.5 0) (layer F.Fab) (width 0.1))
    (fp_text user %R (at 2.5 3.2 90) (layer F.Fab)
      (effects (font (size 1 1) (thickness 0.15)))
    )
    (fp_arc (start 0 0) (end -0.684 1.535) (angle -25) (layer F.SilkS) (width 0.12))
    (fp_arc (start 0 0) (end -1.535 -0.684) (angle -48) (layer F.SilkS) (width 0.12))
    (fp_arc (start 0 0) (end 0.684 -1.535) (angle -48) (layer F.SilkS) (width 0.12))
    (fp_arc (start 0 0) (end 1.535 0.684) (angle -48) (layer F.SilkS) (width 0.12))
    (fp_arc (start 0 0) (end 0 1.68) (angle -24) (layer F.SilkS) (width 0.12))
    (pad 2 thru_hole circle (at 5 0 270) (size 2.6 2.6) (drill 1.3) (layers *.Cu *.Mask)
      (net 1 GND))
    (pad 1 thru_hole rect (at 0 0 270) (size 2.6 2.6) (drill 1.3) (layers *.Cu *.Mask)
      (net 2 VDD))
    (model ${KISYS3DMOD}/TerminalBlock_Phoenix.3dshapes/TerminalBlock_Phoenix_MKDS-1,5-2_1x02_P5.00mm_Horizontal.wrl
      (at (xyz 0 0 0))
      (scale (xyz 1 1 1))
      (rotate (xyz 0 0 0))
    )
  )

  (module LED_THT:LED_D3.0mm placed (layer F.Cu) (tedit 587A3A7B) (tstamp 61FF2B26)
    (at 144.78 105.41 90)
    (descr "LED, diameter 3.0mm, 2 pins")
    (tags "LED diameter 3.0mm 2 pins")
    (path /6204A61B)
    (fp_text reference D2 (at 1.27 -2.96 90) (layer F.SilkS)
      (effects (font (size 1 1) (thickness 0.15)))
    )
    (fp_text value Verde (at 1.27 2.96 90) (layer F.Fab)
      (effects (font (size 1 1) (thickness 0.15)))
    )
    (fp_line (start 3.7 -2.25) (end -1.15 -2.25) (layer F.CrtYd) (width 0.05))
    (fp_line (start 3.7 2.25) (end 3.7 -2.25) (layer F.CrtYd) (width 0.05))
    (fp_line (start -1.15 2.25) (end 3.7 2.25) (layer F.CrtYd) (width 0.05))
    (fp_line (start -1.15 -2.25) (end -1.15 2.25) (layer F.CrtYd) (width 0.05))
    (fp_line (start -0.29 1.08) (end -0.29 1.236) (layer F.SilkS) (width 0.12))
    (fp_line (start -0.29 -1.236) (end -0.29 -1.08) (layer F.SilkS) (width 0.12))
    (fp_line (start -0.23 -1.16619) (end -0.23 1.16619) (layer F.Fab) (width 0.1))
    (fp_circle (center 1.27 0) (end 2.77 0) (layer F.Fab) (width 0.1))
    (fp_arc (start 1.27 0) (end 0.229039 1.08) (angle -87.9) (layer F.SilkS) (width 0.12))
    (fp_arc (start 1.27 0) (end 0.229039 -1.08) (angle 87.9) (layer F.SilkS) (width 0.12))
    (fp_arc (start 1.27 0) (end -0.29 1.235516) (angle -108.8) (layer F.SilkS) (width 0.12))
    (fp_arc (start 1.27 0) (end -0.29 -1.235516) (angle 108.8) (layer F.SilkS) (width 0.12))
    (fp_arc (start 1.27 0) (end -0.23 -1.16619) (angle 284.3) (layer F.Fab) (width 0.1))
    (pad 2 thru_hole oval (at 2.54 0 90) (size 1.6 2.2) (drill 0.8) (layers *.Cu *.Mask)
      (net 4 "Net-(D2-Pad2)"))
    (pad 1 thru_hole rect (at 0 0 90) (size 1.6 2.2) (drill 0.8) (layers *.Cu *.Mask)
      (net 6 Earth))
    (model :Pessoal:LED_Yellow_D3.0mm.wrl
      (offset (xyz 0 0 -3))
      (scale (xyz 1 1 1))
      (rotate (xyz 0 0 0))
    )
  )

  (module Diode_THT:D_DO-34_SOD68_P7.62mm_Horizontal placed (layer F.Cu) (tedit 62030FB8) (tstamp 61FF2B13)
    (at 130.81 97.79 180)
    (descr "Diode, DO-34_SOD68 series, Axial, Horizontal, pin pitch=7.62mm, , length*diameter=3.04*1.6mm^2, , https://www.nxp.com/docs/en/data-sheet/KTY83_SER.pdf")
    (tags "Diode DO-34_SOD68 series Axial Horizontal pin pitch 7.62mm  length 3.04mm diameter 1.6mm")
    (path /5742CB78)
    (fp_text reference D1 (at 3.81 -1.92) (layer F.SilkS)
      (effects (font (size 1 1) (thickness 0.15)))
    )
    (fp_text value 1N4148 (at 3.81 1.905) (layer F.Fab)
      (effects (font (size 1 1) (thickness 0.15)))
    )
    (fp_line (start 8.63 -1.05) (end -1 -1.05) (layer F.CrtYd) (width 0.05))
    (fp_line (start 8.63 1.05) (end 8.63 -1.05) (layer F.CrtYd) (width 0.05))
    (fp_line (start -1 1.05) (end 8.63 1.05) (layer F.CrtYd) (width 0.05))
    (fp_line (start -1 -1.05) (end -1 1.05) (layer F.CrtYd) (width 0.05))
    (fp_line (start 2.626 -0.92) (end 2.626 0.92) (layer F.SilkS) (width 0.12))
    (fp_line (start 2.866 -0.92) (end 2.866 0.92) (layer F.SilkS) (width 0.12))
    (fp_line (start 2.746 -0.92) (end 2.746 0.92) (layer F.SilkS) (width 0.12))
    (fp_line (start 6.63 0) (end 5.45 0) (layer F.SilkS) (width 0.12))
    (fp_line (start 0.99 0) (end 2.17 0) (layer F.SilkS) (width 0.12))
    (fp_line (start 5.45 -0.92) (end 2.17 -0.92) (layer F.SilkS) (width 0.12))
    (fp_line (start 5.45 0.92) (end 5.45 -0.92) (layer F.SilkS) (width 0.12))
    (fp_line (start 2.17 0.92) (end 5.45 0.92) (layer F.SilkS) (width 0.12))
    (fp_line (start 2.17 -0.92) (end 2.17 0.92) (layer F.SilkS) (width 0.12))
    (fp_line (start 2.646 -0.8) (end 2.646 0.8) (layer F.Fab) (width 0.1))
    (fp_line (start 2.846 -0.8) (end 2.846 0.8) (layer F.Fab) (width 0.1))
    (fp_line (start 2.746 -0.8) (end 2.746 0.8) (layer F.Fab) (width 0.1))
    (fp_line (start 7.62 0) (end 5.33 0) (layer F.Fab) (width 0.1))
    (fp_line (start 0 0) (end 2.29 0) (layer F.Fab) (width 0.1))
    (fp_line (start 5.33 -0.8) (end 2.29 -0.8) (layer F.Fab) (width 0.1))
    (fp_line (start 5.33 0.8) (end 5.33 -0.8) (layer F.Fab) (width 0.1))
    (fp_line (start 2.29 0.8) (end 5.33 0.8) (layer F.Fab) (width 0.1))
    (fp_line (start 2.29 -0.8) (end 2.29 0.8) (layer F.Fab) (width 0.1))
    (fp_text user K (at 0 -1.75) (layer F.SilkS)
      (effects (font (size 1 1) (thickness 0.15)))
    )
    (fp_text user K (at 0 -1.75) (layer F.Fab)
      (effects (font (size 1 1) (thickness 0.15)))
    )
    (fp_text user %R (at 4.038 0) (layer F.Fab)
      (effects (font (size 0.608 0.608) (thickness 0.0912)))
    )
    (pad 2 thru_hole oval (at 7.62 0 180) (size 1.6 2.2) (drill 0.8) (layers *.Cu *.Mask)
      (net 3 "Net-(D1-Pad2)"))
    (pad 1 thru_hole rect (at 0 0 180) (size 1.6 2.2) (drill 0.8) (layers *.Cu *.Mask)
      (net 10 "Net-(D1-Pad1)"))
    (model ${KISYS3DMOD}/Diode_THT.3dshapes/D_DO-34_SOD68_P7.62mm_Horizontal.wrl
      (at (xyz 0 0 0))
      (scale (xyz 1 1 1))
      (rotate (xyz 0 0 0))
    )
  )

  (gr_arc (start 103.505 122.555) (end 101.6 122.555) (angle -90) (layer Edge.Cuts) (width 0.1))
  (gr_arc (start 150.495 122.555) (end 150.495 124.46) (angle -90) (layer Edge.Cuts) (width 0.1))
  (gr_arc (start 150.495 88.265) (end 152.4 88.265) (angle -90) (layer Edge.Cuts) (width 0.1))
  (gr_arc (start 103.505 88.265) (end 103.505 86.36) (angle -90) (layer Edge.Cuts) (width 0.1))
  (gr_text "rev. 1.0" (at 151.13 95.885 90) (layer F.SilkS) (tstamp 6203DF95)
    (effects (font (size 0.7 0.7) (thickness 0.1)))
  )
  (gr_text "Módulo \"Atuador e Carga\"" (at 149.606 95.885001 90) (layer F.SilkS)
    (effects (font (size 0.7 0.7) (thickness 0.1)))
  )
  (gr_text "Dado Digital Completo" (at 148.082 95.885001 90) (layer F.SilkS)
    (effects (font (size 0.7 0.7) (thickness 0.1)))
  )
  (gr_text V_Carga (at 151.13 118.745 90) (layer F.SilkS)
    (effects (font (size 1 1) (thickness 0.15)))
  )
  (gr_text GNDA (at 151.13 113.03 90) (layer F.SilkS) (tstamp 6203C18A)
    (effects (font (size 1 1) (thickness 0.15)))
  )
  (gr_text GNDA (at 102.87 118.11 270) (layer F.SilkS)
    (effects (font (size 1 1) (thickness 0.15)))
  )
  (gr_text +12V (at 102.87 113.03 270) (layer F.SilkS)
    (effects (font (size 1 1) (thickness 0.15)))
  )
  (gr_text GND (at 102.87 102.87 270) (layer F.SilkS)
    (effects (font (size 1 1) (thickness 0.15)))
  )
  (gr_text +5V (at 102.87 97.79 270) (layer F.SilkS)
    (effects (font (size 1 1) (thickness 0.15)))
  )
  (gr_line (start 102.87 123.19) (end 102.87 87.63) (layer Margin) (width 0.15) (tstamp 62030D0D))
  (gr_line (start 151.13 123.19) (end 102.87 123.19) (layer Margin) (width 0.15))
  (gr_line (start 151.13 87.63) (end 151.13 123.19) (layer Margin) (width 0.15))
  (gr_line (start 102.87 87.63) (end 151.13 87.63) (layer Margin) (width 0.15))
  (gr_line (start 150.495 86.36) (end 103.505 86.36) (layer Edge.Cuts) (width 0.1) (tstamp 61FF33C2))
  (gr_line (start 152.4 122.555) (end 152.4 88.265) (layer Edge.Cuts) (width 0.1))
  (gr_line (start 103.505 124.46) (end 150.495 124.46) (layer Edge.Cuts) (width 0.1))
  (gr_line (start 101.6 88.265) (end 101.6 122.555) (layer Edge.Cuts) (width 0.1))

  (segment (start 128.27 91.44) (end 128.27 92.075) (width 0.5) (layer B.Cu) (net 1))
  (segment (start 123.19 103.645998) (end 126.015999 100.819999) (width 0.5) (layer B.Cu) (net 2))
  (segment (start 121.934001 106.870001) (end 123.19 105.614002) (width 0.5) (layer B.Cu) (net 2))
  (segment (start 123.19 105.614002) (end 123.19 103.645998) (width 0.5) (layer B.Cu) (net 2))
  (segment (start 119.570001 106.870001) (end 121.934001 106.870001) (width 0.5) (layer B.Cu) (net 2))
  (segment (start 126.015999 100.819999) (end 130.029999 100.819999) (width 0.5) (layer B.Cu) (net 2))
  (segment (start 110.49 97.79) (end 119.570001 106.870001) (width 0.5) (layer B.Cu) (net 2))
  (segment (start 109.22 97.79) (end 110.49 97.79) (width 0.5) (layer B.Cu) (net 2))
  (segment (start 140.030798 90.17) (end 132.95 97.250798) (width 0.5) (layer B.Cu) (net 2))
  (segment (start 144.78 90.17) (end 140.030798 90.17) (width 0.5) (layer B.Cu) (net 2))
  (segment (start 132.95 98.540002) (end 132.95 97.250798) (width 0.5) (layer B.Cu) (net 2))
  (segment (start 130.670003 100.819999) (end 132.95 98.540002) (width 0.5) (layer B.Cu) (net 2))
  (segment (start 130.029999 100.819999) (end 130.670003 100.819999) (width 0.5) (layer B.Cu) (net 2))
  (segment (start 132.95 103.099996) (end 132.95 104.82) (width 0.5) (layer B.Cu) (net 2))
  (segment (start 130.670003 100.819999) (end 132.95 103.099996) (width 0.5) (layer B.Cu) (net 2))
  (segment (start 125.73 95.25) (end 123.19 97.79) (width 0.5) (layer B.Cu) (net 3))
  (segment (start 125.73 91.44) (end 125.73 95.25) (width 0.5) (layer B.Cu) (net 3))
