Tensões e correntes:
v_ =

   500.0000e-03
     1.5000e+00
     3.0000e+00
     5.0000e+00
     7.5000e+00
     3.0000e+00
   750.0000e-03
     2.0000e+00
     3.7500e+00
     6.0000e+00
     3.7500e+00

i2 =

   750.0000e-03
     2.2500e+00
     4.5000e+00
     7.5000e+00
    11.2500e+00
     4.5000e+00
     1.1250e+00
     3.0000e+00
     5.6250e+00
     9.0000e+00
     5.6250e+00

i3 =

  -500.0000e-03
    -1.7500e+00
    -3.7500e+00
    -6.5000e+00
   -10.0000e+00
    -3.0000e+00
  -875.0000e-03
    -2.5000e+00
    -4.8750e+00
    -8.0000e+00
    -4.3750e+00

vr3 =

    -3.0000e+00
   -10.5000e+00
   -22.5000e+00
   -39.0000e+00
   -60.0000e+00
   -18.0000e+00
    -5.2500e+00
   -15.0000e+00
   -29.2500e+00
   -48.0000e+00
   -26.2500e+00

vr2 =

    -2.5000e+00
    -8.7500e+00
   -18.7500e+00
   -32.5000e+00
   -50.0000e+00
   -15.0000e+00
    -4.3750e+00
   -12.5000e+00
   -24.3750e+00
   -40.0000e+00
   -21.8750e+00

vr1 =

     1.5000e+00
     4.5000e+00
     9.0000e+00
    15.0000e+00
    22.5000e+00
     9.0000e+00
     2.2500e+00
     6.0000e+00
    11.2500e+00
    18.0000e+00
    11.2500e+00

vi1 =

    -5.0000e+00
   -17.7500e+00
   -38.2500e+00
   -66.5000e+00
  -102.5000e+00
   -30.0000e+00
    -8.8750e+00
   -25.5000e+00
   -49.8750e+00
   -82.0000e+00
   -44.3750e+00

vi2 =

     7.0000e+00
    23.7500e+00
    50.2500e+00
    86.5000e+00
   132.5000e+00
    42.0000e+00
    11.8750e+00
    33.5000e+00
    64.8750e+00
   106.0000e+00
    59.3750e+00

Classificação:
I1: receptor ativo, linear
I2: gerador (ativo), linear
R1...R4: receptor passivo, linear
Potências:
pi1 =

     1.2500e+00
     8.8750e+00
    28.6875e+00
    66.5000e+00
   128.1250e+00
    45.0000e+00
     2.2188e+00
    12.7500e+00
    37.4062e+00
    82.0000e+00
    55.4688e+00

pi2 =

     5.2500e+00
    53.4375e+00
   226.1250e+00
   648.7500e+00
     1.4906e+03
   189.0000e+00
    13.3594e+00
   100.5000e+00
   364.9219e+00
   954.0000e+00
   333.9844e+00

pr1 =

     1.1250e+00
    10.1250e+00
    40.5000e+00
   112.5000e+00
   253.1250e+00
    40.5000e+00
     2.5312e+00
    18.0000e+00
    63.2812e+00
   162.0000e+00
    63.2812e+00

pr2 =

     1.2500e+00
    15.3125e+00
    70.3125e+00
   211.2500e+00
   500.0000e+00
    45.0000e+00
     3.8281e+00
    31.2500e+00
   118.8281e+00
   320.0000e+00
    95.7031e+00

pr3 =

     1.5000e+00
    18.3750e+00
    84.3750e+00
   253.5000e+00
   600.0000e+00
    54.0000e+00
     4.5938e+00
    37.5000e+00
   142.5938e+00
   384.0000e+00
   114.8438e+00

pr4 =

   125.0000e-03
   750.0000e-03
     2.2500e+00
     5.0000e+00
     9.3750e+00
     4.5000e+00
   187.5000e-03
     1.0000e+00
     2.8125e+00
     6.0000e+00
     4.6875e+00

pf =

     5.2500e+00
    53.4375e+00
   226.1250e+00
   648.7500e+00
     1.4906e+03
   189.0000e+00
    13.3594e+00
   100.5000e+00
   364.9219e+00
   954.0000e+00
   333.9844e+00

pc =

     5.2500e+00
    53.4375e+00
   226.1250e+00
   648.7500e+00
     1.4906e+03
   189.0000e+00
    13.3594e+00
   100.5000e+00
   364.9219e+00
   954.0000e+00
   333.9844e+00

i1_r4_pf_pc =

   250.0000e-03     2.0000e+00     5.2500e+00     5.2500e+00
   500.0000e-03     3.0000e+00    53.4375e+00    53.4375e+00
   750.0000e-03     4.0000e+00   226.1250e+00   226.1250e+00
     1.0000e+00     5.0000e+00   648.7500e+00   648.7500e+00
     1.2500e+00     6.0000e+00     1.4906e+03     1.4906e+03
     1.5000e+00     2.0000e+00   189.0000e+00   189.0000e+00
   250.0000e-03     3.0000e+00    13.3594e+00    13.3594e+00
   500.0000e-03     4.0000e+00   100.5000e+00   100.5000e+00
   750.0000e-03     5.0000e+00   364.9219e+00   364.9219e+00
     1.0000e+00     6.0000e+00   954.0000e+00   954.0000e+00
     1.2500e+00     3.0000e+00   333.9844e+00   333.9844e+00

