Para V1 apenas:
i_1 =    -8.695652173913043e-003
i11 =

    -2.173913043478261e-03
    -4.347826086956522e-03
    -6.521739130434783e-03
   -10.869565217391305e-03
   -13.043478260869566e-03
    -2.173913043478261e-03
    -4.347826086956522e-03
    -6.521739130434783e-03
   -10.869565217391305e-03
   -13.043478260869566e-03
   -10.869565217391305e-03

vr31 =

  -717.391304347826008e-03
    -2.043478260869565e+00
    -3.652173913043478e+00
    -7.391304347826087e+00
   -10.695652173913045e+00
    -2.173913043478261e+00
    -5.217391304347826e+00
    -9.782608695652174e+00
    -2.391304347826087e+00
    -5.086956521739131e+00
    -5.108695652173913e+00

Para V2 apenas:
i_2 =     0.000000000000000e+000
i12 =

     0.000000000000000e+00
     0.000000000000000e+00
     0.000000000000000e+00
     0.000000000000000e+00
     0.000000000000000e+00
     0.000000000000000e+00
     0.000000000000000e+00
     0.000000000000000e+00
     0.000000000000000e+00
     0.000000000000000e+00
     0.000000000000000e+00

vr32 =

     0.000000000000000e+00
     0.000000000000000e+00
     0.000000000000000e+00
     0.000000000000000e+00
     0.000000000000000e+00
     0.000000000000000e+00
     0.000000000000000e+00
     0.000000000000000e+00
     0.000000000000000e+00
     0.000000000000000e+00
     0.000000000000000e+00

Para I2 apenas:
i_3 =    -3.188405797101450e-003
i13 =

  -797.101449275362484e-06
    -1.594202898550725e-03
    -2.391304347826087e-03
    -3.985507246376812e-03
    -4.782608695652175e-03
  -797.101449275362484e-06
    -1.594202898550725e-03
    -2.391304347826087e-03
    -3.985507246376812e-03
    -4.782608695652175e-03
    -3.985507246376812e-03

ir33 =

   -10.797101449275363e-03
   -11.594202898550725e-03
   -12.391304347826088e-03
   -13.985507246376812e-03
   -14.782608695652174e-03
   -10.797101449275363e-03
   -11.594202898550725e-03
   -12.391304347826088e-03
   -13.985507246376812e-03
   -14.782608695652174e-03
   -13.985507246376812e-03

vr33 =

    -3.563043478260870e+00
    -5.449275362318841e+00
    -6.939130434782609e+00
    -9.510144927536233e+00
   -12.121739130434783e+00
   -10.797101449275363e+00
   -13.913043478260869e+00
   -18.586956521739133e+00
    -3.076811594202899e+00
    -5.765217391304348e+00
    -6.573188405797102e+00

Total:
vr3 =

    -4.280434782608696e+00
    -7.492753623188406e+00
   -10.591304347826089e+00
   -16.901449275362321e+00
   -22.817391304347829e+00
   -12.971014492753625e+00
   -19.130434782608695e+00
   -28.369565217391305e+00
    -5.468115942028986e+00
   -10.852173913043480e+00
   -11.681884057971015e+00

delta_r3_vr3 =

   250.000000000000000e-03   330.000000000000000e+00    -4.280434782608696e+00
   500.000000000000000e-03   470.000000000000000e+00    -7.492753623188406e+00
   750.000000000000000e-03   560.000000000000000e+00   -10.591304347826089e+00
     1.250000000000000e+00   680.000000000000000e+00   -16.901449275362321e+00
     1.500000000000000e+00   820.000000000000000e+00   -22.817391304347829e+00
   250.000000000000000e-03     1.000000000000000e+03   -12.971014492753625e+00
   500.000000000000000e-03     1.200000000000000e+03   -19.130434782608695e+00
   750.000000000000000e-03     1.500000000000000e+03   -28.369565217391305e+00
     1.250000000000000e+00   220.000000000000000e+00    -5.468115942028986e+00
     1.500000000000000e+00   390.000000000000000e+00   -10.852173913043480e+00
     1.250000000000000e+00   470.000000000000000e+00   -11.681884057971015e+00

