Questão 1
a)
iamp_v1 =

    20.0000e-03     9.1200e+00
    25.0000e-03     8.7500e+00
    30.0000e-03     8.3800e+00
    35.0000e-03     8.0100e+00
    40.0000e-03     7.6400e+00
    45.0000e-03     7.2700e+00
    50.0000e-03     6.9000e+00
    55.0000e-03     6.5300e+00
    60.0000e-03     6.1600e+00
    65.0000e-03     5.7900e+00
    70.0000e-03     5.4200e+00

c)
iamp_vi1 =

    20.0000e-03    -1.3400e+00
    25.0000e-03    -1.2500e+00
    30.0000e-03    -1.1600e+00
    35.0000e-03    -1.0700e+00
    40.0000e-03  -980.0000e-03
    45.0000e-03  -890.0000e-03
    50.0000e-03  -800.0000e-03
    55.0000e-03  -710.0000e-03
    60.0000e-03  -620.0000e-03
    65.0000e-03  -530.0000e-03
    70.0000e-03  -440.0000e-03

V1, V2: gerador (ativo), linear
I1: receptor ativo, linear
R1, R2, R3: receptor passivo, linear
b)
pv1 =

   729.6000e-03
   656.2500e-03
   586.6000e-03
   520.6500e-03
   458.4000e-03
   399.8500e-03
   345.0000e-03
   293.8500e-03
   246.4000e-03
   202.6500e-03
   162.6000e-03

pv2 =

   100.0000e-03
   125.0000e-03
   150.0000e-03
   175.0000e-03
   200.0000e-03
   225.0000e-03
   250.0000e-03
   275.0000e-03
   300.0000e-03
   325.0000e-03
   350.0000e-03

pf =

   829.6000e-03
   781.2500e-03
   736.6000e-03
   695.6500e-03
   658.4000e-03
   624.8500e-03
   595.0000e-03
   568.8500e-03
   546.4000e-03
   527.6500e-03
   512.6000e-03

pr1 =

   358.4000e-03
   315.0000e-03
   274.4000e-03
   236.6000e-03
   201.6000e-03
   169.4000e-03
   140.0000e-03
   113.4000e-03
    89.6000e-03
    68.6000e-03
    50.4000e-03

pr2 =

     7.2000e-03
    11.2500e-03
    16.2000e-03
    22.0500e-03
    28.8000e-03
    36.4500e-03
    45.0000e-03
    54.4500e-03
    64.8000e-03
    76.0500e-03
    88.2000e-03

pr3 =   330.0000e-003
pi1 =

   134.0000e-03
   125.0000e-03
   116.0000e-03
   107.0000e-03
    98.0000e-03
    89.0000e-03
    80.0000e-03
    71.0000e-03
    62.0000e-03
    53.0000e-03
    44.0000e-03

pc =

   829.6000e-03
   781.2500e-03
   736.6000e-03
   695.6500e-03
   658.4000e-03
   624.8500e-03
   595.0000e-03
   568.8500e-03
   546.4000e-03
   527.6500e-03
   512.6000e-03

pf_pc =

   829.6000e-03   829.6000e-03
   781.2500e-03   781.2500e-03
   736.6000e-03   736.6000e-03
   695.6500e-03   695.6500e-03
   658.4000e-03   658.4000e-03
   624.8500e-03   624.8500e-03
   595.0000e-03   595.0000e-03
   568.8500e-03   568.8500e-03
   546.4000e-03   546.4000e-03
   527.6500e-03   527.6500e-03
   512.6000e-03   512.6000e-03

d)
No limite:
iamp_ =     0.0000e+000
vr2_ =     0.0000e+000
vr1_ =     5.6000e+000
v1_min =    10.6000e+000
