S =    78.539816339744831e-006
r_B =     4.000000000000000e+000
ro_B =     3.141592653589793e-003
ro_20 =

    49.087385212340514e-06
    46.542113386515453e-06
    45.530328312895548e-06
    45.862666475763405e-06
    47.599888690754440e-06
    51.082807375443785e-06
    57.119866428905326e-06
    67.561132335264375e-06
    87.266462599716476e-06
   133.684793769778423e-06
   349.065850398865905e-06

sigma_20 =

    20.371832715762604e+03
    21.485917317405875e+03
    21.963382146681560e+03
    21.804227203589665e+03
    21.008452488130189e+03
    19.576058000303131e+03
    17.507043740108490e+03
    14.801409707546267e+03
    11.459155902616464e+03
     7.480282325319082e+03
     2.864788975654116e+03

A_B_sigma_20 =

     1.050000000000000e+00    80.000000000000000e+00    20.371832715762604e+03
   949.999999999999886e-03    90.000000000000000e+00    21.485917317405875e+03
   850.000000000000000e-03   100.000000000000000e+00    21.963382146681560e+03
   750.000000000000000e-03   110.000000000000000e+00    21.804227203589665e+03
   650.000000000000000e-03   120.000000000000000e+00    21.008452488130189e+03
   550.000000000000000e-03   130.000000000000000e+00    19.576058000303131e+03
   450.000000000000000e-03   140.000000000000000e+00    17.507043740108490e+03
   349.999999999999943e-03   150.000000000000000e+00    14.801409707546267e+03
   250.000000000000000e-03   160.000000000000000e+00    11.459155902616464e+03
   150.000000000000000e-03   170.000000000000000e+00     7.480282325319082e+03
    50.000000000000000e-03   180.000000000000000e+00     2.864788975654116e+03

