% Gabarito da Questão 5.

v = 2;
i = 0.5;
A = [
1.05
0.95
0.85
0.75
0.65
0.55
0.45
0.35
0.25
0.15
0.05
]
B = [
80
90
100
110
120
130
140
150
160
170
180
]
L = 10e-2;
D = 1e-2;


S = pi * D^2/4

r_B = v/i
ro_B = S * r_B / L
ro_20 = ro_B ./ (1 + A .* (B - 20))
sigma_20 = 1 ./ ro_20

A_B_sigma_20 = [A B sigma_20]

E = v * i * 7 * 24 * 3600 / 4.2
