vcc =

     4.000000000000000e+00
     5.000000000000000e+00
     6.000000000000000e+00
     7.000000000000000e+00
     8.000000000000000e+00
     9.000000000000000e+00
    10.000000000000000e+00
    11.000000000000000e+00
    12.000000000000000e+00
    13.000000000000000e+00
    14.000000000000000e+00

vled =     1.800000000000000e+000
iled_tot =   100.000000000000000e-003
R_Rcom =

    22.000000000000000e+00    22.000000000000000e+00
    32.000000000000000e+00    27.000000000000000e+00
    42.000000000000000e+00    39.000000000000000e+00
    52.000000000000000e+00    47.000000000000000e+00
    62.000000000000000e+00    56.000000000000000e+00
    72.000000000000000e+00    68.000000000000000e+00
    81.999999999999986e+00    82.000000000000000e+00
    91.999999999999986e+00    82.000000000000000e+00
   101.999999999999986e+00   100.000000000000000e+00
   111.999999999999986e+00   100.000000000000000e+00
   121.999999999999986e+00   120.000000000000000e+00

Cálculos por valores nominais dos resistores:
iled_nom =

   100.000000000000000e-03
   118.518518518518519e-03
   107.692307692307693e-03
   110.638297872340431e-03
   110.714285714285722e-03
   105.882352941176464e-03
    99.999999999999986e-03
   112.195121951219505e-03
   101.999999999999986e-03
   111.999999999999986e-03
   101.666666666666657e-03

PRcomnom =

   220.000000000000028e-03
   379.259259259259352e-03
   452.307692307692264e-03
   575.319148936170336e-03
   686.428571428571445e-03
   762.352941176470608e-03
   819.999999999999886e-03
     1.032195121951219e+00
     1.040400000000000e+00
     1.254400000000000e+00
     1.240333333333333e+00

vcc_Rcom_ilednom_PRcomnom =

 Columns 1 through 3:

     4.000000000000000e+00    22.000000000000000e+00   100.000000000000000e-03
     5.000000000000000e+00    27.000000000000000e+00   118.518518518518519e-03
     6.000000000000000e+00    39.000000000000000e+00   107.692307692307693e-03
     7.000000000000000e+00    47.000000000000000e+00   110.638297872340431e-03
     8.000000000000000e+00    56.000000000000000e+00   110.714285714285722e-03
     9.000000000000000e+00    68.000000000000000e+00   105.882352941176464e-03
    10.000000000000000e+00    82.000000000000000e+00    99.999999999999986e-03
    11.000000000000000e+00    82.000000000000000e+00   112.195121951219505e-03
    12.000000000000000e+00   100.000000000000000e+00   101.999999999999986e-03
    13.000000000000000e+00   100.000000000000000e+00   111.999999999999986e-03
    14.000000000000000e+00   120.000000000000000e+00   101.666666666666657e-03

 Column 4:

   220.000000000000028e-03
   379.259259259259352e-03
   452.307692307692264e-03
   575.319148936170336e-03
   686.428571428571445e-03
   762.352941176470608e-03
   819.999999999999886e-03
     1.032195121951219e+00
     1.040400000000000e+00
     1.254400000000000e+00
     1.240333333333333e+00

Cálculos pelo pior caso, para resistores com tolerância de 5%:
PRmax_PRmax20_PRnom =

   231.578947368421098e-03   277.894736842105317e-03   500.000000000000000e-03
   399.220272904483522e-03   479.064327485380204e-03   500.000000000000000e-03
   476.113360323886695e-03   571.336032388664080e-03     1.000000000000000e+00
   605.599104143337172e-03   726.718924972004629e-03     1.000000000000000e+00
   722.556390977443698e-03   867.067669172932369e-03     1.000000000000000e+00
   802.476780185758571e-03   962.972136222910308e-03     1.000000000000000e+00
   863.157894736842081e-03     1.035789473684211e+00     2.000000000000000e+00
     1.086521181001284e+00     1.303825417201540e+00     2.000000000000000e+00
     1.095157894736842e+00     1.314189473684211e+00     2.000000000000000e+00
     1.320421052631579e+00     1.584505263157894e+00     2.000000000000000e+00
     1.305614035087719e+00     1.566736842105263e+00     2.000000000000000e+00

indice_Rnom_PRnom_Tolporc =

 Columns 1 through 3:

     1.000000000000000e+00    22.000000000000000e+00   500.000000000000000e-03
     2.000000000000000e+00    27.000000000000000e+00   500.000000000000000e-03
     3.000000000000000e+00    39.000000000000000e+00     1.000000000000000e+00
     4.000000000000000e+00    47.000000000000000e+00     1.000000000000000e+00
     5.000000000000000e+00    56.000000000000000e+00     1.000000000000000e+00
     6.000000000000000e+00    68.000000000000000e+00     1.000000000000000e+00
     7.000000000000000e+00    82.000000000000000e+00     2.000000000000000e+00
     8.000000000000000e+00    82.000000000000000e+00     2.000000000000000e+00
     9.000000000000000e+00   100.000000000000000e+00     2.000000000000000e+00
    10.000000000000000e+00   100.000000000000000e+00     2.000000000000000e+00
    11.000000000000000e+00   120.000000000000000e+00     2.000000000000000e+00

 Column 4:

     5.000000000000000e+00
     5.000000000000000e+00
     5.000000000000000e+00
     5.000000000000000e+00
     5.000000000000000e+00
     5.000000000000000e+00
     5.000000000000000e+00
     5.000000000000000e+00
     5.000000000000000e+00
     5.000000000000000e+00
     5.000000000000000e+00

